  240.00
  243.00
  250.00
  253.00
  248.00
  238.00
  242.00
  245.00
  251.00
  247.00
  239.00
  242.00
  246.00
  250.00
  248.00
  235.00
  237.00
  246.00
  249.00
  246.00
  240.00
  241.00
  246.00
  247.00
  249.00
  240.00
  243.00
  244.00
  248.00
  245.00
  240.00
  243.00
  244.00
  249.00
  246.00
  245.00
  250.00
  250.00
  247.00
  248.00
  238.00
  240.00
  245.00
  248.00
  246.00
  240.00
  242.00
  246.00
  249.00
  248.00
  240.00
  243.00
  246.00
  250.00
  248.00
  241.00
  245.00
  243.00
  247.00
  245.00
  247.00
  245.00
  255.00
  250.00
  249.00
  237.00
  239.00
  243.00
  247.00
  246.00
  242.00
  244.00
  245.00
  248.00
  245.00
  237.00
  239.00
  242.00
  247.00
  245.00
  242.00
  244.00
  246.00
  251.00
  248.00
  243.00
  245.00
  247.00
  252.00
  249.00
  243.00
  245.00
  248.00
  251.00
  250.00
  244.00
  246.00
  246.00
  250.00
  246.00
  241.00
  239.00
  244.00
  250.00
  246.00
  242.00
  245.00
  248.00
  251.00
  249.00
  242.00
  245.00
  248.00
  243.00
  246.00
  241.00
  244.00
  245.00
  249.00
  247.00
  236.00
  239.00
  241.00
  246.00
  242.00
  243.00
  246.00
  247.00
  252.00
  247.00
  241.00
  243.00
  245.00
  248.00
  246.00
  239.00
  240.00
  242.00
  243.00
  244.00
  239.00
  240.00
  250.00
  252.00
  250.00
  241.00
  243.00
  249.00
  255.00
  253.00