dia,mes,ano,diasem,dem,temp,dem1,dem2,dem3,dem4,dem5,dem6,dem7,dem8,dem9,dem10,dem11,dem12,dem13,dem14,dem15,dem16,dem17,dem18,dem19,dem20,dem21,dem22,dem23,dem24
1,1,2024,2,515,15.04,21846,21155,19981,18821,18115,17880,18082,18459,18420,18777,19952,21021,21181,21389,21426,20727,20929,22321,24880,26218,27231,27413,25777,23415
2,1,2024,3,654,17.19,21375,19655,18722,18325,18330,19071,21829,25467,28154,29879,30575,30370,30382,30881,30971,30546,30470,31093,32487,32841,33425,32804,29887,26851
3,1,2024,4,677,17.98,24698,22810,21613,21086,20933,21553,23852,26947,29560,31061,31638,31101,30699,31115,31040,30370,30203,30651,31918,32377,32895,32313,29754,26960
4,1,2024,5,684,16.53,24876,22957,21798,21247,21061,21626,24058,27225,29540,31107,31622,31598,31591,31930,31762,31069,30871,31095,32118,32545,33025,32404,29716,26879
5,1,2024,6,651,13.2,24838,22948,21738,21017,20843,21389,23374,26411,28554,30148,30301,30087,30027,30062,29739,28878,28585,28949,29745,29848,30220,29837,27914,25770
6,1,2024,7,570,12.64,24167,22249,20850,20016,19646,19629,19960,20661,21373,22827,24333,24645,24559,24690,24335,23424,23663,24572,26652,27631,28387,28738,27445,25513
7,1,2024,1,591,12.54,23661,21749,20462,19654,19230,19336,19928,20923,21776,23207,24511,24755,24746,25303,25830,25243,25224,26232,29078,30652,31817,31853,29540,26605
8,1,2024,2,736,11.83,24263,22478,21512,21220,21254,22200,25506,30699,34086,34728,34223,33462,32958,32749,32825,33085,33432,34579,36160,37197,37881,36803,32992,29340
9,1,2024,3,769,11.69,27044,25117,23970,23443,23461,24201,27250,32022,34916,35557,35564,35028,34740,35040,34982,34770,34786,35374,36704,37564,38015,36823,33174,29409
10,1,2024,4,773,11.85,27176,25222,23964,23498,23493,24201,27340,32059,34810,35694,36119,36100,35983,36205,35821,35342,34991,35254,36431,37360,37860,36410,32856,29195
11,1,2024,5,760,11.42,27002,25159,23990,23509,23421,24127,27252,32006,34781,35437,35429,34474,33805,33822,33469,33206,33392,34305,36149,37373,38021,36845,33579,29816
12,1,2024,6,758,12.56,27545,25526,24488,24088,24000,24673,27852,32707,35452,36003,35629,34666,34110,33528,33014,32589,32947,33528,35297,36218,36416,35467,32650,29642
13,1,2024,7,672,14.84,27631,25626,24322,23336,22898,22786,23446,25076,26800,29015,30277,30313,29867,29955,29962,29364,28991,29369,30979,31736,32049,31654,29594,27248
14,1,2024,1,616,17.27,25138,23119,21684,20852,20362,20406,20729,21623,22489,24359,26246,27150,27439,28150,28378,27325,26752,27033,29040,30481,31309,30731,28825,26281
15,1,2024,2,726,17.55,24048,22561,21716,21298,21384,22384,25865,30632,33453,34117,34433,34252,34266,34371,33935,33170,32822,33047,34219,35179,35654,34475,31034,27679
16,1,2024,3,726,18.93,25843,24118,23129,22661,22614,23425,26374,30950,33204,33415,33302,33138,33166,33187,33027,32659,32305,32701,34006,35089,35607,34254,30602,27383
17,1,2024,4,712,18.56,25774,24233,23164,22726,22691,23325,26173,30415,32546,32876,32689,32223,32215,32358,31613,30869,30904,31487,32958,34281,34904,33888,30628,27511
18,1,2024,5,702,18.38,25620,23974,23124,22670,22694,23239,26212,30352,32357,32370,31799,31165,30927,30983,30775,30468,30738,31115,32456,33633,34270,33251,30145,27228
19,1,2024,6,730,13.46,25733,24085,22978,22759,22639,23137,26129,30353,32476,33416,34198,34618,34881,34838,34119,33266,32734,32857,33828,34587,34611,33423,30523,27916
20,1,2024,7,640,12.39,26358,24446,23066,22327,21887,21919,22589,24156,25859,27963,29066,28725,27934,27771,27709,27054,26885,27548,29244,30469,30920,30672,28647,26428
21,1,2024,1,598,14.98,24753,22832,21605,20960,20538,20371,20901,21886,22876,24373,25721,25585,25273,25462,25546,24796,24727,25617,27716,29708,30840,30961,28937,26369
22,1,2024,2,708,16.03,24216,22603,21653,21158,21294,22247,25654,30645,33374,33793,33247,32424,31789,31559,31126,30694,30856,31439,33267,35086,35786,34766,31212,27836
23,1,2024,3,713,18.69,25891,24299,23212,22756,22781,23542,26747,31259,33603,33637,32936,31928,31114,30795,30401,30064,30409,31066,32820,34593,35406,34506,31037,27865
24,1,2024,4,701,19.98,25908,24280,23202,22765,22661,23431,26448,31197,33202,33001,32028,31194,30408,30146,29633,29407,29580,30160,31936,33904,34724,33762,30652,27665
25,1,2024,5,694,20.94,25837,24005,22850,22513,22482,23225,26259,30698,32710,32573,31659,30720,30043,29786,29381,29245,29733,30289,31913,33530,34202,33232,30069,27173
26,1,2024,6,684,20.45,25447,23924,22975,22521,22510,23269,26219,30609,32519,32298,31567,30729,29925,29635,29052,28695,28788,29426,30946,32499,32879,32043,29250,26708
27,1,2024,7,597,19.78,25132,23440,22217,21557,21225,21147,21760,23385,24901,26556,26918,26177,25547,25377,25045,24508,24316,24815,26545,28162,28682,28581,26736,24706
28,1,2024,1,559,18.11,22891,21446,20248,19606,19304,19273,19708,20563,21581,23063,23852,23866,23429,23639,23693,22901,22865,23748,25922,28022,29062,28776,26802,24271
29,1,2024,2,674,17.05,22324,21091,20310,19979,20071,21063,24429,28856,31270,31724,31629,30887,30273,29720,30181,30466,30075,30530,31719,33390,34172,33127,29817,26706
30,1,2024,3,695,16.87,24906,23355,22294,21932,21946,22698,25866,30061,32301,32576,32469,31838,31225,31002,30347,29884,29899,30429,31786,33572,34293,33383,30151,27003
31,1,2024,4,699,16.81,25326,23799,22708,22335,22357,23158,26243,30504,32502,32862,32685,31995,31344,30973,30197,29686,29832,30296,31662,33577,34368,33477,30350,27019
1,2,2024,5,686,17.13,25289,23660,22734,22303,22258,22970,26067,30376,32356,32277,31409,30240,29631,29229,28897,28798,28911,29522,31250,33272,34308,33141,30186,27158
2,2,2024,6,677,16.91,25240,23622,22573,22155,22100,22876,25926,30559,32295,32338,31361,30187,29334,28918,28344,28009,28309,28894,30410,32238,32783,32042,29453,26975
3,2,2024,7,600,17.18,25304,23571,22338,21646,21363,21187,21875,23391,24951,26405,27025,26478,25627,25252,24868,24522,24251,24598,26362,28416,29231,29147,27125,25045
4,2,2024,1,562,18.11,23262,21606,20458,19759,19558,19682,20042,21010,21751,23062,23949,23800,23255,23381,23339,22607,22527,23348,25517,28213,29438,29450,27698,25107
5,2,2024,2,679,17.84,23188,21733,20814,20537,20672,21512,25013,29900,32317,32436,31687,30728,29933,29699,29398,29137,29398,30325,31713,33649,34393,33619,30323,27259
6,2,2024,3,693,17.78,25276,23655,22609,22240,22190,22998,25933,30250,32392,32648,32189,31417,30613,30161,29640,29261,29248,29802,31116,33588,34505,33585,30374,27123
7,2,2024,4,702,18.37,25224,23677,22735,22490,22460,23185,26092,30694,32559,32683,32048,31429,30849,30875,30561,30253,30201,30628,31890,34077,35040,33855,30737,27507
8,2,2024,5,709,17.69,25566,24057,23097,22769,22693,23446,26220,30476,32231,32241,31956,31657,31467,31730,31703,31472,31398,31751,32693,34219,34853,33642,30648,27487
9,2,2024,6,708,17.01,25536,24098,23255,22769,22745,23260,25837,30197,31990,32751,33104,33026,33132,33182,32523,31577,31006,31074,31807,33130,33338,32277,29650,27038
10,2,2024,7,615,14.96,25568,23893,22690,21939,21550,21451,22040,23389,24639,26471,27266,27194,27073,27453,26801,25822,25231,25594,27024,29092,29890,29606,27600,25612
11,2,2024,1,593,13.97,23784,22110,20850,20341,20038,20121,20500,21159,21879,23704,25380,26186,26308,26934,26863,25676,25194,25440,26904,29056,30105,30110,28256,25706
12,2,2024,2,669,19.08,23702,22188,21280,20952,21049,21877,24945,29172,31062,31792,31449,30468,29912,29766,29084,28340,28129,28770,30149,32603,33492,32682,29647,26683
13,2,2024,3,669,20.9,24844,23307,22322,21960,21974,22729,25478,29455,30783,30925,30399,29633,28977,28944,28652,28042,28001,28786,30060,32315,33320,32434,29372,26609
14,2,2024,4,674,20.86,24889,23384,22436,22063,21975,22625,25640,29619,30877,31055,30474,29860,29423,29128,29056,28987,28930,29505,30359,32191,33044,32124,29540,26545
15,2,2024,5,685,19.88,24772,23374,22417,22025,21974,22600,25617,29625,31047,31279,30919,30463,29881,30201,30479,30506,30460,30566,31048,32999,33771,32551,29525,26657
16,2,2024,6,672,17.48,25199,23696,22701,22261,22160,23002,25707,29570,31055,31032,30582,30155,29591,29697,29272,28705,28314,28702,29575,31697,32207,31292,28627,27038
17,2,2024,7,577,18.42,24872,23325,22166,21477,21079,20838,21416,22803,24045,25473,25565,24923,24428,24172,23855,23117,22830,23381,24902,27006,27784,27662,25896,23937
18,2,2024,1,544,19.15,22442,21029,19968,19443,19171,19340,19789,20584,21084,22219,22968,22832,22550,22661,22628,21997,21992,22385,24238,27008,28485,28364,26523,24316
19,2,2024,2,642,18.74,22375,21125,20363,19989,19924,20836,24214,28583,30355,30088,29193,28112,27870,27789,27324,27028,27212,27935,29156,31924,32982,32213,29094,25949
20,2,2024,3,656,20.25,24314,22858,22040,21717,21849,22607,25524,29662,31010,30206,29404,28256,27791,27547,27131,26893,27256,28140,29355,31875,33075,32044,29033,26149
21,2,2024,4,673,19.87,24534,23296,22441,22059,22028,22777,25676,29768,31024,30801,29458,28929,28780,28938,28819,28545,28759,29547,30668,33016,33788,32906,29734,26674
22,2,2024,5,677,20.23,24855,23532,22513,22153,22129,22778,25629,29607,30753,30547,29504,29282,29474,29872,30089,29843,29490,29697,30545,32663,33491,32288,29327,26486
23,2,2024,6,669,15.02,24857,23398,22411,22198,21969,22785,25619,29444,30862,30696,29678,29107,29196,29261,28821,28294,28400,29022,30082,32380,33090,32063,29259,26581
24,2,2024,7,608,14.48,25142,23562,22338,21591,21410,21414,22124,23534,24681,26271,26962,26633,26097,26264,25868,25000,24626,25295,26719,29122,30204,30020,27764,25492
25,2,2024,1,582,17.81,23492,21913,20791,20104,19803,19924,20416,21124,21732,23487,25025,25469,25909,26503,26439,25162,24615,24686,25861,28258,29666,29388,27408,24943
26,2,2024,2,682,15.39,23107,21761,20811,20449,20546,21614,24877,29319,31072,31559,31608,31167,30844,30681,30239,29997,30164,30569,31468,33786,34852,33673,30333,27206
27,2,2024,3,693,14.84,25386,23898,22842,22468,22439,23170,26354,30526,32206,32067,31180,30383,29910,29752,29500,29248,29406,30079,31057,33843,34927,33986,30830,27752
28,2,2024,4,678,16.59,25958,24399,23357,22863,22807,23319,26083,29710,31319,31242,30683,29850,29058,28572,28042,27608,27688,28520,29688,32654,34036,33106,30047,26949
29,2,2024,5,682,17.98,25384,23765,22855,22516,22511,23255,26233,30236,31751,31164,30033,29376,28906,28972,28715,28393,28432,29465,30671,33422,34646,33646,30523,27426
1,3,2024,6,677,17.03,25558,24066,22988,22557,22455,23220,26347,30453,31993,31291,30302,29392,28813,28731,28247,27803,27911,28776,30062,32685,33563,32582,29754,27125
2,3,2024,7,620,15.25,25614,23857,22549,21916,21482,21369,21968,23207,24423,26214,27100,27334,27400,28063,27789,26835,26313,26512,27510,29308,30206,29874,27716,25514
3,3,2024,1,572,13.92,23558,21748,20623,19999,19718,19711,20098,20755,21508,22840,24059,23985,23869,24602,24662,23570,23312,23959,25685,28708,30686,30492,28432,25793
4,3,2024,2,694,17.78,23753,22131,21294,20903,21113,21976,25438,29907,31895,32139,31919,31406,31328,31360,31227,31027,30710,30892,31235,33642,35251,34324,31007,27719
5,3,2024,3,679,16.87,25666,23948,23001,22682,22587,23327,26387,30548,32011,31287,30050,29143,28739,28259,27871,27474,27612,28742,29877,32637,34534,34031,30777,27827
6,3,2024,4,686,17.5,25828,24372,23384,22932,22974,23697,26701,30801,32219,31594,30651,29479,28795,28663,28288,27973,28439,29409,30369,32834,34525,33928,30797,27700
7,3,2024,5,698,16.57,25671,24100,22995,22622,22442,23305,26295,30285,31752,31236,30509,30323,30402,30668,30694,30454,30460,30891,31337,33783,34995,34058,30864,27426
8,3,2024,6,696,15.59,25770,24383,23338,22987,22853,23562,26625,30471,32233,32040,31659,31143,30779,30703,29968,29343,29276,29916,30816,33028,33790,33018,30224,27609
9,3,2024,7,639,14.48,25838,24053,22710,21856,21528,21517,22200,23327,24949,27544,29227,29593,29879,30324,29661,28133,27057,26806,27531,29621,30805,30595,28273,25976
10,3,2024,1,574,15.92,23985,21915,20680,19939,19716,19680,20352,20742,21422,23017,23949,24103,24435,25163,24863,23672,23205,23790,25448,28506,30511,30479,28446,25754
11,3,2024,2,669,16.86,23626,22203,21329,20951,21003,22122,25664,29885,31422,30809,29927,29175,28737,28850,28604,28525,28602,29247,30378,32901,34464,33482,30185,27365
12,3,2024,3,671,18.36,25308,23761,22823,22473,22564,23378,26167,29710,31100,30642,29802,28562,28104,28080,27785,27528,27665,28477,29616,32203,34027,33349,30300,27328
13,3,2024,4,672,20.1,25547,24143,23222,22926,22738,23480,26249,29829,31316,30624,29504,28774,28187,28147,27813,27447,27494,28511,29619,32086,33865,33119,30081,27436
14,3,2024,5,673,20.8,25597,24074,23148,22767,22752,23589,26543,29809,30731,30173,29019,28182,28096,28449,28421,28077,28313,29201,29998,31992,33626,32931,29889,27306
15,3,2024,6,657,21.48,25422,23916,22896,22596,22552,23351,26222,29477,30428,30020,29130,28204,28003,27981,27591,27190,27156,27833,28703,30535,31683,30958,28417,26305
16,3,2024,7,577,23.02,24930,23492,22370,21790,21409,21394,22020,22796,23831,25028,25282,24791,24168,23986,23666,23099,22866,23434,24708,26946,27914,27613,25788,23899
17,3,2024,1,534,24.62,22528,21166,20315,19728,19482,19568,19957,20131,20661,21607,22094,21885,21767,22204,22180,21421,21417,22101,23374,25670,27443,27399,25743,23818
18,3,2024,2,615,23.87,22448,21273,20498,20157,20201,21051,23827,26487,27457,27618,27007,26457,26510,26636,26526,26190,26156,26949,27632,29633,31312,30513,27528,24928
19,3,2024,3,611,23.55,23578,22379,21466,21157,21269,21821,23883,25943,26928,26985,26335,25827,25993,25949,25711,25471,25672,26472,27167,29015,30512,29532,27004,24596
20,3,2024,4,631,20.78,23286,22153,21223,20874,20895,21641,24416,27265,28517,28127,27570,27073,27369,27580,27401,27149,27381,27745,28181,29936,31475,30561,27823,25190
21,3,2024,5,637,22.13,23808,22669,21984,21572,21535,22303,24861,27628,28692,28211,27599,26993,26945,26941,27096,26767,26934,27712,28612,30787,32179,31194,28289,25684
22,3,2024,6,634,24.21,24453,23339,22406,22129,22116,22668,25124,27788,28696,28345,27774,27248,26906,27038,26876,26615,26725,27372,28275,29966,30710,29671,27074,24765
23,3,2024,7,544,21.84,23370,22076,20990,20433,20103,19930,20423,20862,22181,23434,23779,23000,22729,22777,22386,21658,21890,22639,23719,25488,26823,26513,24480,22741
24,3,2024,1,512,20.74,21188,19893,18869,18416,18098,18225,18478,18516,19495,20632,21278,21328,21295,21602,21671,20804,20904,21727,22934,24811,26583,26535,25018,23279
25,3,2024,2,641,16.7,21894,20728,20071,19842,19903,20694,23350,25716,27729,29093,29567,29768,29994,30316,30108,29392,28904,28769,28821,30358,31568,30691,28112,25619
26,3,2024,3,654,14.21,24070,22847,21886,21461,21489,22073,24327,26635,28335,29011,28840,28752,28986,29320,28850,28150,28100,28742,29408,31461,33025,32163,29468,26886
27,3,2024,4,645,17.61,24962,23405,22196,21625,21472,22164,24495,26817,28291,28892,28743,28488,28434,28656,28267,27840,27664,28113,28856,30211,31393,30699,27998,25284
28,3,2024,5,568,19.49,23676,22044,20924,20392,20054,20259,21280,22032,22774,23718,24272,24529,24440,24838,24794,23896,23555,23891,25003,26704,27977,27663,25778,23851
29,3,2024,6,529,17.77,22298,20812,19815,19059,18807,19028,19392,19342,19983,21265,22373,22859,23088,23270,23224,22357,21834,21858,22940,24707,26268,26294,24920,23179
30,3,2024,7,543,16.18,21844,20445,19380,18764,18565,18746,19402,19791,20630,21983,23010,23358,23586,24259,24397,23486,23328,23632,24342,25925,27510,27365,25547,23460
31,3,2024,1,531,15.77,21834,20137,19628,18992,18340,18263,18605,19187,19366,20558,22023,23233,24016,24309,24091,23084,22249,22143,22368,23555,26063,27926,26525,24113
1,4,2024,2,557,17.65,21759,19982,18955,18340,18242,18651,20438,22965,24420,24977,24839,24195,23746,23577,23523,22805,22059,22280,23286,25269,28245,30435,28444,25749
2,4,2024,3,646,18.64,23647,22043,21004,20547,20480,21204,24229,28051,30042,30165,29730,29158,28749,28204,27908,27279,27097,27715,28060,29181,31641,32802,30198,27253
3,4,2024,4,641,22.12,25267,23532,22337,21755,21582,22301,25035,28585,30346,30261,29440,28259,27792,27678,27093,26013,25393,25823,26477,27940,30426,31961,29424,26532
4,4,2024,5,628,23.56,24585,23145,22289,21888,21792,22615,25031,28363,29730,29370,28182,27017,26242,25807,25225,24805,24728,25483,26211,27874,30244,31645,29144,26240
5,4,2024,6,617,25.66,24539,23180,21896,21238,21253,21926,24485,27901,29347,29068,28407,27506,26947,26172,25679,24554,24172,24564,25586,26815,28645,29670,27609,25406
6,4,2024,7,548,24.82,23832,22319,21232,20415,20136,20026,20513,21526,22464,23523,24129,23743,23669,23340,22901,21935,21530,21772,22886,24114,25864,27151,25526,23753
7,4,2024,1,516,23.56,22280,20861,19810,18923,18544,18467,18854,19529,19763,21021,21924,22248,22371,22166,21757,20105,19565,20584,21557,23186,25432,27121,25857,23900
8,4,2024,2,605,22.32,22322,20944,20163,19647,19629,20358,23140,26520,27919,28056,27749,26690,26480,26393,25909,25232,25337,25533,26105,27422,29562,30523,27877,25001
9,4,2024,3,607,18.54,23071,21824,20909,20413,20367,21200,23692,27501,28957,28333,27055,26463,25925,25674,25088,24243,23807,24377,25449,27402,29968,31096,28418,25829
10,4,2024,4,616,20.85,24307,22933,22078,21718,21474,22276,24965,28516,29898,29211,27718,26424,25616,25260,24739,23993,23825,24266,25348,27086,29405,30781,28232,25470
11,4,2024,5,614,23.23,23839,22508,21626,21209,21033,21726,24342,27722,29238,28763,27480,26325,25894,25580,24937,24515,24167,25115,26051,27544,29504,30828,28374,25959
12,4,2024,6,614,25.24,24416,23244,22336,21960,21854,22501,25037,28124,29158,28912,27651,26753,26086,25686,24694,24120,24485,25188,25614,26961,27892,29278,27130,24812
13,4,2024,7,539,26.8,23897,22602,21627,20980,20643,20452,21040,21830,22843,23769,23594,22604,22150,22129,21531,20512,20019,20871,22389,23972,24722,26351,25023,23229
14,4,2024,1,497,26.77,21798,20448,19490,18967,18659,18693,19162,19478,19790,20051,20341,20168,19922,20105,19941,18818,18442,19175,20362,22487,24542,26772,25678,23561
15,4,2024,2,601,25.06,22094,20984,20194,19758,19619,20437,23339,26571,27858,27710,27211,26281,26278,26410,25730,24711,24282,25271,25820,27480,29276,30628,28003,25248
16,4,2024,3,616,23.69,23801,22638,21590,21184,20899,21751,24323,27324,28473,27916,27366,26791,26387,26228,25827,25099,24848,25455,26330,27816,29686,30742,27910,25202
17,4,2024,4,609,20.96,23817,22693,21841,21487,21379,21912,24317,27293,28350,27866,26892,26128,25727,25580,25047,24335,24099,24849,25736,27114,29161,30219,27665,25000
18,4,2024,5,613,21.05,23835,22590,21732,21258,21255,21982,24382,27307,28255,27763,26913,26336,26010,25832,25227,24690,24441,25301,26049,27426,29276,30827,28252,25639
19,4,2024,6,619,21.58,24244,23126,22199,21799,21599,22198,24654,27765,28904,28822,28263,27678,27117,26710,25969,24914,24537,25016,25745,27062,28195,29456,27397,25200
20,4,2024,7,545,21.9,23817,22395,21334,20860,20476,20400,21223,21965,22845,23817,23978,23542,23094,23145,22432,21503,20880,21312,22282,23336,24922,26778,25305,23529
21,4,2024,1,500,21.08,21793,20483,19453,18946,18662,18552,19012,19302,19742,20733,20977,20957,20470,20305,19967,18780,18557,19275,20540,22457,24700,26642,25717,23721
22,4,2024,2,597,19.28,22076,20783,20044,19643,19639,20431,23210,26452,27763,27635,26890,26004,25530,25409,25088,24566,24343,24813,25704,27301,29352,30712,28318,25547
23,4,2024,3,620,18.29,23919,22731,21686,21436,21217,21848,24289,27013,28164,27875,27203,26669,26381,26512,26184,25807,25432,25795,26321,27683,29780,31221,28708,25883
24,4,2024,4,628,19.52,24203,22800,21972,21588,21591,22242,24862,28038,29217,28941,28145,27491,27050,26894,26224,25562,25106,25702,26475,28015,29817,31159,28615,25895
25,4,2024,5,646,20.04,24308,23064,22185,21886,21894,22489,24997,27724,29315,29543,29220,28937,28613,28527,28307,27679,27436,27807,27857,28925,30063,30882,28547,25937
26,4,2024,6,632,19.6,24469,23178,22375,21976,21881,22341,24735,27369,28621,28846,28372,27801,27846,27953,27377,26630,26322,26524,26924,27898,29076,30039,27808,25696
27,4,2024,7,567,19.89,24411,22918,21796,21254,20911,20724,21344,21996,23376,25016,25801,25681,25471,25540,24492,23339,22579,22425,23139,23891,25096,26798,25515,23631
28,4,2024,1,525,19.3,22058,20708,19643,19047,18895,18963,19213,19341,19924,21362,22251,22674,22931,23357,22963,21569,20951,21236,22491,23481,25008,27117,26170,24042
29,4,2024,2,629,18.78,22307,20928,20041,19807,19740,20432,23505,26753,28422,29106,29335,29313,28872,29021,28712,27986,27541,27804,27738,28217,29493,30435,28064,25196
30,4,2024,3,621,21.2,23269,21995,21043,20627,20643,21331,23965,26979,28712,28951,28498,27958,27546,27534,27283,26853,26428,26495,26594,27425,28575,29552,27418,24916
1,5,2024,4,521,18.3,23214,21815,20668,19954,19642,19324,19432,19567,20161,21522,22068,22200,22493,22796,22402,20784,19949,20258,21023,22544,24308,26329,25541,23338
2,5,2024,5,589,19.83,21532,20294,19535,19223,19263,19888,22533,25130,26515,26659,26264,25897,25624,25711,25449,25310,25091,24994,25373,26486,28494,30310,28246,25363
3,5,2024,6,607,22.17,23714,22372,21375,20902,20801,21351,23667,26167,27457,27444,27192,26728,26471,26414,25855,25312,24946,25237,25836,26693,27925,29397,27764,25559
4,5,2024,7,547,25.82,24037,22477,21249,20661,20462,20491,21151,21567,22668,23813,24344,24027,23387,23318,22716,21544,21080,21397,22491,23680,24939,26546,25671,23727
5,5,2024,1,516,25.22,22194,20820,19815,19294,18893,18852,19214,19044,19713,20964,21833,21913,21922,22004,21455,20369,20649,21245,22263,23319,24696,26603,25599,23556
6,5,2024,2,605,22.84,21992,20596,19970,19634,19584,20204,22949,26002,27712,27917,27692,27339,27085,27203,26653,26234,25717,25843,25986,26963,28641,29930,27933,25196
7,5,2024,3,607,23,23347,22146,21353,20914,20950,21433,23904,26596,27707,27485,26757,25386,25663,26179,25849,25131,24696,25278,26173,27172,28705,30273,28213,25570
8,5,2024,4,618,24.42,23811,22787,21927,21327,21273,21985,24498,27058,28032,27995,27381,26763,26762,26814,26314,25714,25524,25918,26397,27332,28824,29910,27825,25439
9,5,2024,5,618,25.94,24278,22921,21909,21564,21470,21978,24431,26930,27964,27739,27224,26648,26650,26782,26379,25853,25694,25977,26466,27531,28735,29761,27888,25489
10,5,2024,6,606,27.45,24120,22861,21940,21534,21429,21884,24018,26318,27455,27480,26933,26630,26277,25963,25469,24858,24947,25495,26117,26853,27639,28410,26960,24808
11,5,2024,7,538,26.56,23646,22325,21209,20613,20270,20085,20485,20974,22103,23282,23707,23334,22729,22748,22079,21067,20592,21812,22709,23747,24561,25917,24997,23168
12,5,2024,1,501,25.6,21717,20438,19466,18984,18735,18622,18796,18777,19224,20226,20868,20806,20698,20976,20711,19697,19277,20244,21564,22523,23925,25782,25238,23226
13,5,2024,2,605,26.62,21745,20570,19810,19507,19506,20288,22951,25522,27038,27216,26868,26736,26582,26760,26386,25992,26169,26857,27296,28218,29252,30076,28107,25475
14,5,2024,3,622,23.44,24130,22926,21997,21722,21498,21987,24210,26548,28081,28409,28152,27661,27653,27413,26628,25572,25353,25956,26583,27676,28884,29726,27774,25277
15,5,2024,4,612,21.76,24103,22759,21870,21490,21243,21784,23756,25898,27158,27568,27430,27169,27130,26927,26427,25730,25232,25424,25938,27013,28306,29209,27607,25094
16,5,2024,5,619,22.58,23635,22339,21622,21373,21277,21685,24082,26481,27783,27586,27262,27314,27429,27447,26995,26231,26180,26295,26529,27395,28729,29751,27992,25537
17,5,2024,6,610,23.19,24090,22879,21969,21648,21508,21908,23845,26250,27474,27622,27441,27116,27236,27052,26646,25545,25149,25342,25791,26547,27182,28258,26964,24882
18,5,2024,7,543,23.24,23601,22295,21294,20670,20379,20249,20663,21137,22352,23528,23860,23820,23616,23471,23075,21870,21646,21753,22496,23283,24110,25612,24984,23134
19,5,2024,1,505,22.39,21665,20312,19363,18835,18543,18580,18755,18666,19278,20304,21141,21288,21610,21953,21574,20211,19634,21024,21621,22691,23869,25576,25265,23189
20,5,2024,2,593,22.98,21795,20571,19763,19552,19533,20192,22562,25130,26471,26757,26455,26093,26378,26735,26258,25396,25151,25436,25918,26831,27926,29305,27669,25013
21,5,2024,3,610,23.35,23408,22180,21306,20986,20881,21454,23582,26145,27283,27177,26818,26641,26817,27084,26698,25870,25613,26116,26595,27285,28297,29403,27721,25110
22,5,2024,4,615,24.01,23656,22391,21507,21247,21241,21761,23948,26537,27776,27718,27444,27086,27009,27169,26980,26211,25840,26095,26470,27654,28842,28899,27318,24684
23,5,2024,5,616,23.5,23484,22516,21676,21336,21336,21976,24109,26435,27562,27566,27144,26697,26629,26761,26379,25624,25566,26131,26705,27767,28877,29639,28059,25596
24,5,2024,6,611,25.36,23939,22718,21927,21538,21502,22025,23826,26296,27578,27725,27384,27100,26938,26694,26102,25446,25086,25684,26134,26829,27676,28430,27446,25280
25,5,2024,7,544,27.45,23834,22489,21532,20886,20542,20361,20643,21202,22317,23229,23736,23522,23506,23331,22743,21877,21329,21877,22739,23610,24495,25612,25133,23473
26,5,2024,1,501,26.96,21871,20475,19576,19026,18610,18593,18628,18559,19220,20161,20550,20624,20638,21012,20968,19670,19315,20023,21601,22801,24031,25750,25733,23653
27,5,2024,2,612,26.05,22133,21010,20199,19943,19944,20636,23225,25945,27341,27668,27575,27492,27677,27536,26881,26200,25974,26588,27230,28149,29082,29713,28059,25409
28,5,2024,3,631,27.72,24315,23235,22375,21974,21683,22281,24389,26377,27637,27847,27496,27312,27325,27458,27143,26550,26526,27325,27879,28935,29821,30379,28851,26340
29,5,2024,4,646,29.62,24753,23465,22718,22332,22210,22715,24591,26841,28210,28150,27924,27801,28157,28538,28148,27630,27706,28407,28819,29572,30366,30873,29316,26538
30,5,2024,5,645,29.14,24960,23759,22906,22453,22233,22676,24541,26651,27892,27855,27971,28060,28127,28365,28227,27333,27205,27979,28830,29469,30261,30755,29527,27008
31,5,2024,6,638,26.34,25448,24107,23274,22658,22436,23006,24828,26964,28108,28227,27977,27715,28002,28094,27559,26960,26809,27334,27915,28578,29074,29253,27887,25781
1,6,2024,7,561,25.82,24562,23295,22291,21601,21045,20839,21226,21723,22703,23882,24400,24140,24008,24256,23832,22672,22167,22594,23562,24937,25823,26373,25530,23899
2,6,2024,1,519,25.97,22546,21323,20309,19786,19430,19268,19426,19422,20041,20564,21253,21139,21567,21871,21680,20738,20408,20897,22126,23530,24973,26354,26353,24449
3,6,2024,2,623,27.18,22737,21520,20676,20423,20458,21111,23519,26038,27563,27730,27640,27744,27861,28231,28018,27401,27048,27402,27726,28575,29443,29721,28407,25843
4,6,2024,3,636,28.77,24694,23445,22506,22005,21914,22249,23977,26273,27608,27488,27529,27429,27785,28099,27933,27463,27611,28116,28206,28933,29734,30089,28524,26340
5,6,2024,4,651,30.25,24631,23523,22626,22143,22042,22547,24505,26794,28127,28366,28469,28552,28797,29090,28674,28250,28242,28874,29366,30060,30538,30745,29256,26923
6,6,2024,5,665,31.27,25400,24033,22956,22594,22423,22842,24738,27007,28286,28731,28951,29055,29518,30016,29807,29238,29179,29674,30044,30612,31242,31241,29819,27234
7,6,2024,6,663,29.92,25684,24254,23328,22957,22733,23039,25062,27409,28727,29270,29629,29740,29931,30318,29788,29164,28844,29313,29555,29864,29828,29888,28558,26308
8,6,2024,7,581,26.98,25012,23765,22646,22025,21672,21485,21695,22098,23251,24713,25687,25801,25767,26064,25821,24631,23914,23908,24450,25002,25550,26193,25621,23773
9,6,2024,1,520,25.38,22482,21239,20408,19942,19452,19364,19455,19415,19997,20741,21590,21678,21815,22516,22498,21134,20636,21060,22055,22940,24204,25611,25984,24159
10,6,2024,2,620,24.14,22614,21440,20656,20380,20296,20905,23390,25984,27689,28326,28438,28358,28448,28412,27964,26931,26721,27144,27295,27900,28755,29068,27779,25360
11,6,2024,3,629,24.18,23878,22639,21883,21399,21468,21922,23861,26466,27962,28430,28346,28499,28567,28499,27856,26905,26714,27120,27331,27882,28666,29020,27842,25362
12,6,2024,4,623,23.82,23788,22673,21878,21469,21406,21871,23745,26178,27469,27776,27849,27678,27851,28128,27689,27318,26768,26508,26964,27656,28663,29069,27773,25326
13,6,2024,5,609,26.56,23749,22604,21626,21198,21147,21509,23338,25679,26944,26751,26264,26152,26227,26367,25886,25172,25045,26240,26838,27952,28938,29224,28090,25770
14,6,2024,6,631,29.09,24233,22931,22131,21690,21574,21919,23923,26225,27567,27883,27692,27730,28106,28498,27943,27083,26877,27451,28053,28608,29112,29119,28137,26050
15,6,2024,7,556,27.53,24575,23274,22124,21352,20898,20712,20962,21372,22533,23749,24166,23925,23787,23953,23297,22171,21785,22347,23578,24537,25252,25868,25556,23871
16,6,2024,1,510,28.68,22335,20951,20069,19528,19204,19106,19238,19094,19184,19319,19515,20612,20927,21371,21302,20389,20155,20970,22040,23401,24645,25992,26313,24421
17,6,2024,2,634,29.74,22624,21354,20589,20269,20357,20909,23408,26204,27543,28277,28400,28322,28647,28811,28577,27889,27968,28759,28907,29672,30505,30531,29186,26792
18,6,2024,3,654,27.56,25351,24065,23210,22715,22422,22800,24537,26838,28284,28927,29113,29048,29110,29441,28913,28308,28258,28715,28974,29374,29942,30140,28907,26573
19,6,2024,4,644,25.72,24959,23714,22722,22295,22167,22669,24532,26814,28060,28425,28354,28442,28727,29146,28698,28033,27841,28182,28226,28706,29415,29613,28507,26056
20,6,2024,5,635,25.42,24515,23323,22448,22068,21866,22344,24267,26535,27892,28226,28618,28692,28736,28977,28318,27380,27093,27164,27239,27762,28883,29118,28070,25951
21,6,2024,6,622,27.44,24587,23214,22283,21829,21679,22048,23834,25939,27099,27381,27438,27552,27540,27589,27170,26397,26182,26707,27316,28028,28458,28409,27490,25610
22,6,2024,7,565,29.26,24247,22906,21809,21177,20732,20572,20775,21116,22051,23101,24146,24340,24374,24850,24779,24059,23747,24119,24715,25349,25781,26249,25865,24190
23,6,2024,1,523,28.46,22564,21302,20409,19874,19424,19285,19331,19262,19864,20859,21392,21696,21859,22221,22315,21457,21219,21660,22662,23986,24919,25663,25830,24189
24,6,2024,2,606,29.43,22685,21746,20966,20482,20390,20730,22274,23741,24892,25977,26555,26536,26787,27410,27222,26314,25999,26614,27339,28122,28981,29276,28624,26645
25,6,2024,3,673,31.11,25107,23671,22670,22260,22152,22564,24593,26833,28403,29415,29641,29936,30246,30573,30528,30214,30150,30642,30837,31112,31378,31419,30413,28146
26,6,2024,4,679,30.09,26480,25048,23991,23508,23313,23564,25287,27440,28909,29716,29950,30200,30273,30806,30575,30175,29888,30106,30196,30448,30901,30919,29828,27535
27,6,2024,5,678,29.51,25801,24436,23437,22952,22923,23407,25296,27416,28806,29648,29917,30048,30557,30970,30644,29964,29830,30193,30387,30704,31105,31273,30194,27874
28,6,2024,6,671,27.56,26270,24892,23808,23288,23107,23549,25347,27523,28955,29771,30094,30513,30778,31014,30621,29505,29223,29346,29373,29558,29768,29572,28438,26473
29,6,2024,7,591,26.89,25232,23952,23015,22434,22039,21863,22025,22370,23703,25221,26124,26333,26109,26108,25674,24805,24235,24376,24922,25606,26222,26825,26508,24854
30,6,2024,1,545,27.91,23055,21738,20854,20187,19882,19760,19766,19852,20528,21582,22556,22997,23366,23758,23809,22660,22654,22910,23666,24772,25784,26694,26868,25335
1,7,2024,2,634,27.8,23501,22200,21364,20931,20758,21357,23612,25942,27500,28333,28718,28495,28598,28846,28277,27735,27266,27466,28041,28895,29817,30156,29199,27021
2,7,2024,3,655,28.48,25404,24056,23130,22735,22603,22979,24830,26782,27895,28375,28359,28402,28686,29167,28952,28194,28033,28609,29152,29914,30637,30879,29878,27728
3,7,2024,4,675,30.78,26451,24986,23781,23261,23077,23402,25329,27330,28380,28839,29200,29247,29674,30106,29994,29338,29292,29689,30032,30777,31454,31767,31126,28780
4,7,2024,5,699,32.26,27143,25485,24332,23787,23505,23802,25683,27798,28858,29586,29943,30251,30883,31577,31523,30942,30890,31373,31919,32590,32915,32895,31918,29546
5,7,2024,6,704,32.17,28143,26445,25251,24603,24317,24539,26293,28367,29663,30322,30657,30992,31325,31807,31534,30889,30692,31208,31695,32114,32052,31791,30598,28571
6,7,2024,7,613,29.09,27130,25535,24200,23435,23017,22830,23044,23367,24278,25524,26527,26676,26594,26737,26267,25382,24921,25301,26084,27189,27734,28047,27524,25844
7,7,2024,1,552,28.71,24303,22890,21844,21045,20698,20588,20573,20424,20984,21825,22403,22549,22780,23371,23400,22523,22063,22839,24079,25144,25935,26947,27435,25752
8,7,2024,2,658,30.34,24050,22767,21808,21289,21177,21900,24204,26698,28200,28880,29139,29309,29433,29826,29903,29277,29145,29525,30012,30781,31103,31347,30402,28152
9,7,2024,3,688,30.68,26497,25006,23908,23380,23136,23505,25425,27506,28842,29613,29927,30236,30495,31089,31072,30591,30386,30990,31210,31885,32431,31943,30610,28597
10,7,2024,4,714,33.12,27208,25616,24432,23942,23720,24130,25992,28112,29578,30414,30757,31280,31813,32282,32190,31847,31900,32358,32883,33697,33998,33900,32188,29612
11,7,2024,5,737,33.47,27728,26396,25443,24878,24669,24971,26836,28844,30310,31346,31969,32495,33106,33595,33756,33339,33286,33638,33797,34317,34509,34143,33126,30719
12,7,2024,6,726,31.07,28873,27060,25775,25146,24712,25005,27050,28982,30308,31424,32048,32522,33069,33284,33013,32452,32223,32359,32609,32773,32842,32368,31299,29124
13,7,2024,7,626,29.82,27702,26082,24757,23955,23324,22873,23199,23478,24360,25799,26728,26844,27045,27482,27170,26595,26107,26378,27077,27776,28317,28628,28303,26474
14,7,2024,1,577,31.62,24779,23425,22303,21520,21086,20973,20975,20714,21236,22163,22903,23145,23491,24200,24691,24160,24075,25097,26265,27449,28236,28470,28301,26948
15,7,2024,2,698,32.62,25723,24048,22837,22254,22026,22588,25163,27463,29115,30160,30845,31187,31652,32095,32225,31785,31737,32066,32337,32910,33141,33089,32038,29541
16,7,2024,3,714,31.18,27973,26209,25062,24429,24118,24345,26298,28322,29778,30795,31338,31594,31975,32413,32214,31828,31564,31897,32010,32702,32903,32898,31966,29562
17,7,2024,4,724,31.95,28080,26486,25312,24651,24286,24594,26443,28470,29891,30893,31314,31686,32320,32975,32951,32587,32337,32669,32896,33425,33484,33490,32529,30140
18,7,2024,5,744,33.43,28570,27014,25734,25138,24717,24991,26906,28772,30171,31537,31991,32610,33298,34241,34636,34263,34177,34230,34074,34256,34253,34226,33298,30844
19,7,2024,6,748,34.82,29216,27456,26235,25615,25175,25392,27402,29159,29477,30531,32148,33154,34029,34886,34922,34335,33924,34205,34410,34683,34515,34018,32874,30594
20,7,2024,7,665,34.86,29162,27233,25713,24789,24090,23654,23745,23915,24787,26178,27698,28349,28731,29190,29466,29440,29130,29483,29940,30637,30749,30920,30178,28296
21,7,2024,1,594,31.2,26395,24713,23424,22584,21983,21718,21718,21418,21905,22883,23647,24073,24529,25160,25446,25115,24811,25298,26194,27210,28039,28971,29311,27493
22,7,2024,2,695,32.07,25960,24362,23095,22438,22244,22784,25107,27203,28737,29686,30333,30748,31080,31703,31778,31358,31456,32025,32327,32822,32930,32968,32009,29695
23,7,2024,3,735,34.62,28045,26278,25063,24333,24062,24311,26288,28267,29716,30887,31576,32160,32814,33611,33910,33662,33589,33826,34079,34499,34551,34442,33533,31022
24,7,2024,4,756,35.34,29416,27480,26185,25429,25072,25296,27217,29223,30634,31714,32549,33116,33947,34751,34917,34536,34478,34661,34754,34994,35025,35011,33952,31585
25,7,2024,5,724,33.69,29839,27868,26393,25436,25000,24970,26283,27503,28546,29511,30295,31026,31682,32418,32877,32517,32503,32856,32975,33392,33452,33445,32474,30388
26,7,2024,6,724,32.72,28968,27143,25757,25053,24799,24960,26741,28306,29550,30850,31309,31856,32450,32970,33068,32554,32422,32703,32909,33257,33064,32689,31542,29390
27,7,2024,7,659,32.9,28230,26576,25145,24279,23635,23369,23674,23840,24892,26223,27236,27661,28230,28945,29241,29109,28942,28980,29737,30350,30723,31082,30318,28275
28,7,2024,1,624,34.21,26476,24921,23656,22772,22216,21947,22094,21747,22194,23202,24177,25256,25765,26800,27646,27451,27445,27977,28813,29486,30047,30949,31192,29407
29,7,2024,2,745,35.07,27533,25795,24393,23675,23439,23861,26301,28649,30257,31977,32803,33429,34055,34929,35135,34793,34874,35070,35270,35173,34908,34760,33425,30919
30,7,2024,3,767,36.12,29332,27532,26165,25416,25095,25470,27649,29607,30792,31982,33020,34084,34690,35495,35858,35631,35521,35694,35600,35649,35418,35341,34402,31998
31,7,2024,4,759,35.9,30140,28172,26651,25785,25361,25159,26738,28496,29729,31278,32213,33025,33910,34776,35111,34778,34744,35011,35181,35455,35510,35416,34364,31819
1,8,2024,5,765,34.71,30068,28134,26747,25947,25400,25499,27210,29064,30182,31602,32550,33276,34299,35340,35658,35394,35306,35468,35640,35619,35507,35196,33953,31644
2,8,2024,6,739,32.55,30026,28107,26663,25795,25450,25505,27150,28790,30124,31306,32182,32812,33440,34111,34158,33306,33284,33523,33623,33472,33083,32702,31023,29138
3,8,2024,7,648,32.82,27738,25982,25206,24271,23546,23171,23566,23637,24426,25456,26389,26953,27405,28200,28521,28297,28236,28574,29158,29843,30328,30683,30122,28203
4,8,2024,1,617,33.91,26527,24986,23720,22916,22236,22124,22226,21888,22076,22799,23856,24733,25542,26564,27056,27045,26857,27241,28027,28852,29525,30625,30683,28822
5,8,2024,2,705,34.17,26944,25259,23971,23115,22718,23038,25037,26831,28150,29452,30292,30802,31549,32552,32967,32616,32449,32778,33052,33119,33086,33364,32183,29742
6,8,2024,3,715,34.04,27924,26131,24944,24206,23744,23913,25622,27320,28439,29526,30140,30745,31698,32688,33056,32757,32589,32842,33100,33274,33379,34043,32741,30496
7,8,2024,4,718,33.14,28719,26872,25539,24627,24174,24272,25992,27692,28581,29303,30365,30822,31671,32563,32809,32574,32501,32677,32921,33150,33416,33780,32522,30201
8,8,2024,5,719,33.6,28357,26668,25198,24301,23908,24014,25589,27210,28269,29506,30328,30879,31801,32801,33213,32867,32713,32932,33290,33510,33774,34037,32798,30590
9,8,2024,6,718,34.23,28807,27009,25632,24668,24081,24124,25817,27379,28560,29839,30472,31004,31583,32611,32993,32639,32499,32755,33210,33538,33534,33401,31962,29770
10,8,2024,7,662,35.22,28551,26742,25251,24168,23535,23265,23605,23776,24275,25375,26595,27396,28090,29037,29744,29514,29408,29790,30353,31028,31268,31948,30756,28874
11,8,2024,1,622,36.47,27053,25244,24018,23089,22521,22132,22227,21981,22124,22898,23989,24715,25548,26619,27218,27259,27309,27859,28536,29378,30028,31096,30747,28759
12,8,2024,2,698,33.35,26781,25197,24077,23298,23015,23179,24766,26247,27483,28837,29625,30321,31093,32032,32498,32228,32208,32575,32765,32703,32657,33116,31642,29262
13,8,2024,3,687,31.94,27583,25851,24585,23949,23669,23712,25086,26474,27364,28723,29337,30117,30979,31835,32230,31687,31074,31049,30937,30757,30856,31429,29825,27673
14,8,2024,4,650,29.86,26220,24867,23829,23133,22667,22898,24360,25831,26854,27581,28198,28511,29039,29731,30054,29104,28645,28677,28524,28740,29011,29599,28134,26279
15,8,2024,5,572,30.19,24983,23763,22618,21852,21404,21205,21516,21638,21781,22377,22718,22980,23364,24042,24455,24102,24041,24407,25104,25953,26590,27871,27394,25697
16,8,2024,6,607,32.23,24266,22785,21804,21165,20797,20906,22030,23130,23853,24604,25120,25597,25892,26695,27303,26853,26801,27273,27951,28489,28885,29596,28472,26547
17,8,2024,7,602,33.81,25449,24109,22902,21945,21433,21158,21570,21921,22423,23478,24472,24961,25403,26149,26530,26392,26251,26613,27448,27960,28538,29761,28421,26557
18,8,2024,1,582,33.11,25020,23639,22439,21622,21024,20799,20865,20893,20998,21757,22726,23378,24202,25320,25889,25458,25213,25556,26306,26868,27551,29174,28733,26955
19,8,2024,2,660,32.46,25391,23821,22550,21885,21670,21981,23835,25523,26543,27599,27954,28257,28720,29636,30085,29820,29762,30314,30865,31005,31409,32155,30751,28443
20,8,2024,3,684,32.8,27006,25417,24239,23540,23249,23393,24887,26495,27286,28370,28708,29008,29788,30675,31063,30806,30628,31192,31539,31926,32149,32862,31100,28816
21,8,2024,4,693,32.17,27365,25949,24595,23889,23667,23788,25377,27086,27870,28945,29455,29802,30363,31388,31666,31156,31137,31468,31678,31865,32042,32734,30992,28704
22,8,2024,5,696,33.17,27363,25846,24656,23964,23580,23694,25289,26757,27799,28973,29604,30007,30502,31457,31973,31601,31639,31970,32173,32049,32357,33030,31202,28952
23,8,2024,6,693,33.33,27436,25907,24729,23957,23538,23606,25118,26899,27694,28778,29704,30150,30713,31652,31865,31475,31249,31537,31959,32130,32088,32339,30467,28388
24,8,2024,7,639,33.24,27086,25675,24416,23528,23051,22713,23066,23469,23979,25240,26398,26871,27383,28114,28479,28157,27917,28442,28922,29532,29921,30660,29168,27274
25,8,2024,1,596,30.91,25694,24317,23073,22336,21957,21711,21954,21875,21818,22550,23125,23613,24357,25515,26215,25939,25779,26166,26683,27320,28114,29700,28998,27101
26,8,2024,2,687,30.86,25536,24002,22947,22370,22109,22533,24674,26933,28125,29422,29980,30323,30985,31653,31786,31339,31256,31669,31943,32046,32367,33186,31232,28983
27,8,2024,3,716,32.96,27421,26005,24858,24221,23963,24257,26124,28066,29111,30195,30760,31193,31752,32546,32678,32366,32378,32688,32985,33091,33310,34036,32046,29726
28,8,2024,4,726,31.94,28134,26603,25484,24760,24416,24698,26536,28584,29602,30747,31358,31956,32580,33179,33349,32911,32789,33055,33196,33229,33403,34142,32055,29544
29,8,2024,5,718,29.23,27850,26439,25341,24561,24251,24509,26407,28500,29741,30985,31698,31876,32307,32787,32903,32474,32184,32163,32214,32276,32853,33576,31425,29097
30,8,2024,6,703,29.85,27511,26151,24782,24107,23774,24055,25923,27941,28959,30081,30703,31311,31819,32489,32287,31696,31679,31810,31933,31671,31904,32403,29981,27853
31,8,2024,7,628,31.1,26576,25376,24244,23451,22936,22664,22931,23456,23884,25216,26155,26659,27275,27709,27933,27517,27242,27586,28086,28322,28888,29834,28078,26364
1,9,2024,1,584,29.9,24927,23576,22603,21945,21543,21308,21545,21721,21795,22688,23459,22998,22686,23859,25867,25254,25106,25670,26529,27009,27906,29333,28389,26468
2,9,2024,2,696,29.37,24919,23661,22708,22347,22180,22738,25121,27885,29303,30213,30937,31299,31835,32523,32448,31945,31974,32480,32541,32071,32682,33082,30417,28361
3,9,2024,3,698,27.62,26652,25379,24287,23725,23501,23848,25862,28312,29645,30808,31429,32148,32262,32383,31917,31145,30805,30922,31043,31143,32114,32391,29470,27169
4,9,2024,4,671,27.58,25639,24267,23383,22925,22825,23156,25405,27942,28997,30167,30539,30699,30657,30953,30279,29078,28854,29102,29462,29846,30737,31318,28724,26491
5,9,2024,5,662,26.35,25012,23682,22909,22480,22296,22650,24739,27396,28307,28883,28961,29142,29461,29767,29527,29087,29181,29585,29919,30320,31174,31471,29165,26777
6,9,2024,6,661,27.1,25391,24280,23240,22765,22629,22924,25008,27493,28686,29429,29723,29652,29753,30008,29428,28508,28154,28925,29219,29637,30542,30874,28462,26206
7,9,2024,7,583,28.34,24908,23739,22651,21919,21531,21316,21763,22421,22902,23975,24657,24886,25035,25376,25188,24524,24436,24790,25567,26086,26951,27682,25993,24264
8,9,2024,1,540,27.79,22917,21616,20766,20332,20044,19856,20219,20584,20846,21580,22255,22582,22659,23069,22861,21908,21513,22202,23386,24727,26241,27321,26048,24196
9,9,2024,2,633,28.58,22631,21627,20866,20504,20359,20947,23368,26344,27610,27821,27903,27897,28123,28467,28425,27867,27865,28465,29004,29615,30859,31171,28608,26309
10,9,2024,3,655,28.05,24668,23437,22656,22132,22085,22501,24669,27535,28711,29016,28878,28710,28713,29180,28793,28232,28191,28801,29421,30240,31705,31813,28959,26366
11,9,2024,4,643,27.88,25117,23922,23006,22528,22346,22588,24555,27136,27939,28130,28012,27961,28001,28324,28066,27287,27289,28066,28494,28881,30382,30690,28164,25826
12,9,2024,5,662,27.28,24587,23504,22715,22386,22254,22686,24921,27935,29044,29316,29298,29490,29817,29860,29482,29017,28791,29330,29589,30077,31423,31663,28673,26340
13,9,2024,6,636,24.93,24986,23836,22930,22412,22223,22543,24846,27638,28571,28599,28424,28016,27902,27884,27149,26337,26280,26986,27838,28512,29893,29823,27179,25044
14,9,2024,7,562,26.28,24019,22747,21892,21217,20806,20657,21148,22091,22716,23733,24504,24650,24473,24407,23899,22907,22628,22977,24073,24930,26309,26854,25087,23414
15,9,2024,1,523,27.79,22190,21089,20314,19673,19361,19291,19533,20053,20133,20692,21307,21114,21014,21514,21605,20744,20617,21528,22987,24346,26637,27458,25867,23915
16,9,2024,2,632,28.37,22386,21212,20598,20354,20266,20898,23544,26848,28213,28191,27860,27615,27801,28088,27793,27597,27660,28513,29328,29925,31766,31639,28446,25941
17,9,2024,3,647,26.53,24404,23264,22580,22097,21984,22553,24880,27950,28697,28965,28644,28324,28297,28194,27706,27299,27533,28353,28981,29724,31344,31131,28103,25688
18,9,2024,4,651,25.8,24464,23333,22543,22199,22029,22424,24812,27950,28982,29169,28969,28717,28979,29327,28885,28168,28159,28417,28682,29275,31044,30755,27989,25495
19,9,2024,5,652,26.19,24241,23159,22373,21992,21864,22358,24663,27886,29074,29336,29447,29339,29548,29603,28889,28296,28103,28620,28793,29311,31101,30581,27676,25364
20,9,2024,6,642,25.9,23876,22859,22200,21840,21745,22105,24312,27677,28874,29237,29315,29128,29379,29204,28645,27871,27568,27822,27991,28512,30030,29647,26939,24806
21,9,2024,7,567,24.39,23521,22353,21608,21039,20670,20459,21024,22019,22942,24298,25318,25672,25586,25870,25135,23854,23169,23323,23997,24593,26302,26480,24700,22972
22,9,2024,1,523,25.56,21750,20484,19642,19024,18817,18865,19225,19806,20088,21264,22075,22456,22479,22906,22857,21674,21349,21739,22588,23586,25857,26413,24756,22835
23,9,2024,2,612,25.71,21452,20520,19805,19524,19550,20253,22986,26394,27699,27904,28004,27371,27262,27493,27058,26337,26289,26958,27671,28510,30710,30363,27152,24786
24,9,2024,3,623,25.68,23504,22361,21555,21093,20896,21331,23670,26863,27824,28035,27767,27449,27245,27548,27355,26762,26451,26958,27399,28391,30684,30282,27247,24806
25,9,2024,4,650,27.7,23410,22265,21425,21254,21213,21744,24302,27575,28910,29197,28916,28743,28866,29097,28715,28394,28411,28772,29245,30259,32399,31701,28841,26250
26,9,2024,5,665,28.29,24689,23543,22687,22373,22180,22509,25142,28623,29723,30151,30086,29774,29776,29887,29127,28161,28348,29148,29642,30462,32271,31406,28615,26182
27,9,2024,6,637,24.95,24680,23535,22710,22307,22229,22644,24952,28195,29205,29132,28655,28149,27892,27537,27234,26659,26349,27324,27967,28676,30140,29561,26900,24861
28,9,2024,7,549,23.35,23473,22317,21383,20873,20692,20523,21155,22118,22900,23847,24038,23683,23242,23181,22756,21692,21654,22479,23423,24249,26119,26174,24271,22702
29,9,2024,1,510,26.69,21219,20243,19537,18910,18612,18613,19018,19807,20043,20889,21546,21350,21103,21461,21280,20228,20102,21181,22411,23617,26031,26116,24478,22699
30,9,2024,2,612,27.54,21482,20422,19744,19445,19489,20203,22908,26354,27569,27723,27321,27012,27050,27287,26976,26729,26900,27393,27936,28871,31038,30299,27424,24852
1,10,2024,3,640,28.7,23482,22425,21584,21205,21174,21724,24269,27557,28704,28737,28435,28120,28199,28261,28008,27935,28108,28722,28799,29644,31642,30609,27672,25109
2,10,2024,4,657,27.46,23615,22489,21774,21319,21348,21966,24418,27767,29186,29334,29273,29557,29887,30056,29701,29317,29518,29647,29666,30397,32025,31107,28132,25841
3,10,2024,5,648,25.96,24249,23301,22653,22458,22171,22552,24791,28004,29341,29438,28868,28579,28292,28181,27514,27242,27336,27993,28854,29604,31852,30908,27966,25537
4,10,2024,6,632,25.77,24212,23041,22277,21992,21742,22276,24513,27741,28815,28845,28297,27585,27410,27527,27187,26617,26622,27135,27787,28533,30217,29489,26988,24830
5,10,2024,7,564,27.5,23655,22376,21473,20949,20592,20426,20956,22233,23017,23891,24485,24301,24102,24228,23971,22972,22978,23666,24563,25797,27459,27024,25188,23515
6,10,2024,1,538,29.09,22040,20885,20119,19507,19279,19244,19704,20437,20838,21728,22544,22679,22815,23425,23420,22163,22158,22702,23509,24978,27338,27121,25526,23589
7,10,2024,2,647,26.41,22058,21085,20611,20366,20470,21141,23853,27377,29059,29325,29558,29547,29726,30191,29597,29025,29072,29229,29224,30318,32158,31125,27793,25213
8,10,2024,3,642,24.29,23659,22561,21794,21528,21514,22054,24383,27770,29261,29287,28752,28459,28445,28170,27708,27450,27360,27717,28267,29716,31848,30930,28096,25646
9,10,2024,4,640,25.61,24245,23012,22249,22022,21940,22266,24282,27510,28852,28823,28390,27932,28024,28113,27594,26876,26713,27584,28256,29749,31707,30843,27836,25319
10,10,2024,5,629,22.79,24010,22853,22102,21698,21558,21925,24359,27952,29226,29250,28333,27532,27228,27214,26649,26138,25832,26545,27128,28456,30626,29919,27233,24743
11,10,2024,6,622,22.86,23484,22277,21517,21156,21027,21429,23630,26897,28289,28531,28180,27619,27386,27280,26802,26273,26233,26785,27686,29008,30292,29236,26497,24354
12,10,2024,7,550,23.86,22851,21713,20731,20070,19771,19631,20092,21092,21988,23476,24616,24884,25059,25385,24859,23262,22478,22561,23084,24321,25932,25710,24177,22437
13,10,2024,1,512,25.04,21043,19959,19068,18544,18333,18268,18655,19343,19830,20898,21829,21767,21725,22147,21962,20881,20375,21029,22177,24130,26325,26206,24547,22622
14,10,2024,2,627,24.97,21281,20245,19503,19359,19463,20294,23054,26826,28425,28908,29158,29075,29009,28940,28416,27766,27534,27938,28101,29394,31282,30411,27380,24836
15,10,2024,3,647,23.21,23654,22535,21684,21331,21187,21767,24224,27643,29300,29368,29250,28850,29331,29704,29110,28472,28306,28433,28694,30019,31614,30550,27461,25010
16,10,2024,4,648,24.84,23424,22366,21692,21463,21311,21890,24418,28016,29568,29895,29884,29517,29326,29013,28403,27862,27802,28150,28546,30168,31894,30793,27647,24971
17,10,2024,5,639,21.1,23400,22374,21620,21265,21060,21547,23945,27414,29227,29523,29543,29332,29183,28718,27640,27016,26918,27189,27990,29563,31425,30284,27534,25009
18,10,2024,6,625,21.35,23466,22363,21750,21322,21234,21659,23933,27357,29020,29002,28657,28191,27815,27466,27026,26212,26057,26596,27172,28823,29894,29055,26333,24214
19,10,2024,7,547,23.04,23119,21853,20907,20446,20224,20082,20521,21696,22864,24126,24480,23824,23404,23441,23099,22100,21940,22437,23318,25174,26383,25820,23907,22267
20,10,2024,1,513,24.67,21102,20090,19319,18705,18471,18359,18729,19626,20232,21226,21716,21691,21529,21874,21687,20592,20488,21038,22225,24276,26434,26129,24490,22578
21,10,2024,2,607,24.04,21300,20096,19426,19141,19101,19781,22731,26436,28185,28070,27441,26767,26533,26764,26337,25855,26108,26636,27428,29495,31281,30287,27264,24605
22,10,2024,3,631,22.5,23058,21819,21037,20773,20792,21216,23617,27326,29055,29104,28643,28046,28112,28228,27803,27190,27192,27696,28138,29717,31207,30055,26857,24401
23,10,2024,4,629,22.46,22810,21578,20789,20468,20488,21036,23574,27218,29213,29391,29225,28647,28432,28153,27484,26641,26600,27184,27861,29436,31046,29958,26926,24391
24,10,2024,5,628,23.5,22824,21681,20836,20639,20605,21112,23674,27271,29138,29074,28527,28187,27760,27850,27346,26571,26622,27326,28072,29906,31304,30063,27247,24826
25,10,2024,6,636,20.57,23184,21940,21233,20937,20945,21423,24011,27650,29524,29698,29552,29485,29676,29364,28597,27700,27067,27164,27751,29270,30103,29100,26427,24288
26,10,2024,7,554,17.54,22801,21428,20338,19719,19485,19439,20061,21337,22848,23902,24950,24827,24612,24897,24536,23571,23057,23335,23964,25624,26757,26174,24090,22507
27,10,2024,1,527,16.71,21022,19362,18376,18033,17973,17932,18688,19320,20333,21508,22343,22576,23102,23877,23774,22624,22509,23066,24819,26180,26881,26240,24250,22578
28,10,2024,2,629,19.51,20689,19704,18952,18885,19046,19878,22937,26617,28286,28549,28439,28485,28702,29071,28753,28459,28459,28792,30176,31500,32022,30616,27297,24684
29,10,2024,3,660,19.8,23013,21800,21052,20704,20723,21378,24002,27382,29299,29849,29978,30179,30477,30792,30549,29686,29620,30053,31192,32006,32309,31002,27824,24983
30,10,2024,4,646,19.98,22995,21956,21125,20803,20667,21325,23747,27206,28963,29414,29053,29198,29563,29735,29359,28786,28403,28690,30033,30813,31175,30262,27522,24992
31,10,2024,5,626,21.42,23176,21765,20779,20509,20432,20963,23144,26709,28322,28705,28466,28065,27895,28259,27906,27731,27924,28120,29220,29625,29499,28596,26123,24056
1,11,2024,6,538,21.05,22425,21086,20157,19676,19407,19261,19625,20411,21047,22410,22864,22835,22712,23221,23423,22700,22502,22916,24758,25633,26066,25837,24356,22634
2,11,2024,7,531,21.1,21073,19828,18844,18406,18239,18488,19349,20200,21100,22451,22970,22844,22805,23392,23547,22837,22730,23274,24986,25861,26321,25854,23966,22068
3,11,2024,1,512,21.27,20536,19289,18467,17875,17646,17516,18087,18551,19141,20659,21479,21849,21997,22541,22526,21681,21695,22396,24446,25843,26190,25743,24067,22098
4,11,2024,2,608,21.84,20563,19370,18769,18435,18615,19276,22178,25531,27234,27862,27378,27290,27342,27565,27471,27183,27154,27775,29133,29940,30717,29744,26787,24602
5,11,2024,3,632,22.56,22984,21782,20919,20635,20786,21325,23815,27271,28592,28198,27690,27116,27087,27471,27593,27533,27747,28236,29750,30804,31328,30278,27562,25050
6,11,2024,4,633,22.33,23270,21970,21219,20794,20786,21323,23839,27236,28555,28246,27638,27118,27146,27640,27726,27753,28117,28649,29685,30649,31484,30171,27472,24992
7,11,2024,5,635,21.98,23345,21908,21116,20978,20809,21442,23845,27231,28495,28373,28098,27649,27639,27697,27665,27546,27812,28543,30108,30848,31308,30258,27263,24935
8,11,2024,6,637,20.94,23364,22025,21199,20936,20887,21412,23890,27144,28651,28737,28773,28804,28744,29078,28761,27735,27720,28173,29693,30216,30163,29123,26759,24642
9,11,2024,7,559,20.95,23146,21728,20829,20313,20052,19984,20596,21653,22703,24181,24620,24457,24122,24327,24450,23574,23283,23709,25451,26088,26402,26180,24311,22513
10,11,2024,1,522,21.09,21170,19882,18922,18423,18074,18054,18618,19250,19660,20898,21907,21993,22277,23001,23182,22375,21928,22637,24624,25695,26509,26191,24415,22660
11,11,2024,2,623,19.57,21273,20187,19434,19182,19275,20091,23072,26750,28236,28159,27654,27101,27099,27467,27533,27242,27613,28417,30126,31085,31797,30763,27910,25462
12,11,2024,3,642,17.75,23845,22430,21654,21318,21388,21972,24506,28268,29609,29269,28686,27899,27952,27471,27593,27533,27747,28236,29750,30804,31328,30278,27562,25050
13,11,2024,4,684,14.7,23863,22551,21588,21372,21244,21837,24611,28219,30116,30755,31113,31555,31915,32148,31774,31039,30640,31200,32383,33217,33806,32347,29086,25990
14,11,2024,5,669,18.09,24040,22696,21693,21360,21310,22011,24555,28090,29847,30157,29863,29513,29556,29853,29949,29732,29783,30511,32010,32728,33144,32048,28824,26116
15,11,2024,6,665,19.61,24315,22922,21896,21629,21657,22300,25096,28775,30410,30527,30262,29911,29745,29840,29619,29147,28938,29721,31021,31300,31516,30588,27825,25664
16,11,2024,7,583,19.6,23999,22525,21360,20709,20484,20388,21143,22507,23693,25233,25936,25609,25464,25827,25676,25059,24713,25245,26817,27366,27670,27226,25428,23422
17,11,2024,1,543,19.57,21822,20495,19468,18960,18767,18742,19181,19942,20463,21848,22827,22960,22868,23570,23861,23223,23132,24007,25869,26857,27729,27304,25482,23371
18,11,2024,2,642,19.79,21750,20567,19789,19498,19635,20505,23557,27599,29444,29326,28980,28479,28269,28492,28507,28473,28649,29527,31214,31979,32593,31451,28385,25656
19,11,2024,3,657,20.2,23658,22354,21381,21085,21060,21694,24489,28309,30055,29879,29202,28640,28251,28425,28364,28364,28803,29904,31468,32332,32991,31839,28553,25744
20,11,2024,4,661,19.35,23870,22527,21591,21209,21194,21818,24560,28648,30075,29878,29293,28755,28686,28825,28683,28516,28709,30033,31793,32413,32899,31881,28748,25936
21,11,2024,5,678,18.9,23942,22509,21635,21229,21319,21998,24673,28552,30241,30485,30105,30155,30524,30930,30754,30362,30243,30899,32529,33113,33523,32409,29373,26553
22,11,2024,6,668,17.98,24637,23301,22293,21988,21915,22496,25294,28950,30433,30603,30127,29689,29360,29422,29134,29000,29109,29818,31396,31709,31915,30970,28324,25911
23,11,2024,7,590,19.24,24318,22695,21616,21019,20726,20599,21290,22865,24045,25343,25978,25845,25733,25898,25756,25151,25019,25584,27407,27808,28086,27727,25709,23742
24,11,2024,1,553,20.25,22026,20787,19640,18985,18718,18710,19171,20061,20720,22344,23401,23719,23668,24477,24764,23998,23737,24568,26558,27383,28210,27936,26053,23702
25,11,2024,2,655,20.26,21848,20590,19780,19543,19654,20575,23747,27807,29843,30146,30236,30063,30211,30387,29816,29232,29276,30265,31582,32048,32423,31272,28801,26026
26,11,2024,3,679,17.31,24209,22658,21793,21516,21518,22170,24870,29156,30893,30847,30151,30006,29846,30086,30141,29899,30157,31148,32567,33188,33777,33512,28762,26194
27,11,2024,4,682,17.83,24753,23280,22368,21985,21953,22619,25306,29644,31422,31281,30536,29657,29275,29334,29196,29188,29784,30815,32545,33464,34201,33043,29785,26950
28,11,2024,5,689,18.81,24875,23481,22630,22153,22267,22991,25721,29865,31709,31525,31066,30414,29669,29681,29624,29694,30135,31143,32833,33389,33961,33001,29900,26836
29,11,2024,6,675,20.24,24924,23433,22344,21985,21909,22613,25237,29270,31397,31489,30803,29990,29492,29440,29323,29137,29531,30491,31933,32082,32228,31273,28680,26411
30,11,2024,7,595,20.6,24713,23166,21953,21198,20930,20860,21729,23196,24601,25970,26146,25738,25236,25306,25360,25054,25127,26142,27661,27981,28347,27911,26164,24189
1,12,2024,1,565,18.7,22434,21044,20011,19352,19137,19180,19749,20642,21346,23046,24159,24466,24337,24818,25194,24519,24305,25287,27107,27859,28639,28261,26295,24093
2,12,2024,2,664,18.09,22339,20937,20162,19850,19959,20699,23716,28057,30154,30590,30253,30239,29968,30072,30103,29798,29861,30949,32163,32789,33384,32337,29215,26182
3,12,2024,3,682,17.2,24622,23138,22222,21876,21737,22516,25272,29184,30984,31061,30561,29795,29660,29845,29798,29814,30246,31112,32559,33199,33681,32578,29310,26802
4,12,2024,4,686,16.3,24734,23243,22284,21867,21843,22895,25655,29690,31252,30791,29991,29334,29762,30135,29786,29727,30148,31187,32871,33624,34293,33137,30338,27225
5,12,2024,5,685,18.43,25298,23723,22834,22384,22275,22959,25803,29694,31759,31600,31056,30248,29594,29587,29654,29814,30257,30855,32469,32660,32785,32044,29312,26729
6,12,2024,6,592,19.95,24789,22990,21878,21156,20791,20778,21396,22759,23830,25037,25651,25571,25405,25736,25730,25026,24967,25707,27543,27955,28330,28563,26462,24311
7,12,2024,7,583,19.03,22923,21404,20383,19847,19621,19804,20698,22219,23299,24813,25777,25524,25003,25236,25496,24962,24998,26042,27879,28388,28895,28606,26669,24723
8,12,2024,1,575,14.17,22764,21368,20338,19790,19478,19411,19847,20789,21594,23043,24011,24045,24049,24623,25241,24615,24576,25876,28201,29010,29751,29626,27661,25363
9,12,2024,2,685,12.97,23543,21916,20964,20623,20565,21478,24252,27793,29628,30572,30642,30427,30409,30760,31033,30819,31009,31909,33449,34181,35243,34304,31142,28049
10,12,2024,3,738,12.38,26122,24183,22990,22628,22578,23386,26485,31306,33926,33932,33591,32635,32239,32285,32531,32780,32975,33994,35580,36620,37215,36175,32778,29212
11,12,2024,4,769,11.41,27079,24989,23951,23630,23515,24250,27341,31864,34695,35230,35329,35052,34925,35259,35085,35231,35101,35685,37255,37333,37799,36127,32818,29465
12,12,2024,5,753,12.56,26849,24953,23855,23358,23312,24027,26919,31787,34555,34756,33976,33335,33111,33349,33274,33515,34191,35345,36579,36778,37281,36069,32795,29394
13,12,2024,6,741,13.79,26999,25162,24086,23518,23517,24187,27175,31822,34360,34810,34443,33577,33063,32762,32378,32146,32473,33448,34915,35265,35495,34653,31910,29139
14,12,2024,7,658,14.42,26856,24968,23578,22811,22408,22364,23207,24978,26613,28435,29361,28893,28202,28061,28152,27918,28176,29240,30940,31565,31903,31722,30036,27707
15,12,2024,1,627,14.25,25456,23382,22165,21325,20803,20802,21255,22345,23519,25338,26430,26596,26567,26723,26956,26620,26811,28178,30587,31725,32770,32564,30308,27342
16,12,2024,2,733,15.06,24849,22978,21975,21509,21623,22489,26081,31226,34407,34665,34130,32999,32384,32197,31914,32210,32835,34037,35765,36682,37453,36587,32971,29362
17,12,2024,3,749,14.98,26699,24655,23493,23082,23133,23795,27238,32067,34979,35319,34633,33651,32806,32605,32450,32223,32911,34325,36040,36812,37459,36554,32989,29298
18,12,2024,4,735,18.76,26562,24451,23244,22840,22896,23550,26828,31690,34487,34800,33778,32733,32182,31922,31707,31847,32411,33356,34993,35718,36413,35476,32163,28702
19,12,2024,5,722,18.58,26217,24347,23102,22587,22481,23071,26142,30513,33078,33503,33257,32426,32284,32330,31832,31357,31588,32758,34155,34838,35211,34582,31597,28598
20,12,2024,6,700,14.3,26260,24402,23106,22677,22587,23227,26067,30393,33205,33272,32105,30833,30112,29890,29396,29330,29944,31311,33125,33637,33799,33026,30592,27946
21,12,2024,7,632,14.73,25905,23836,22472,21717,21388,21413,22306,23956,25832,27627,27904,27277,26792,26845,26945,26664,26986,27849,29839,30452,31043,30911,28981,26720
22,12,2024,1,598,16.7,24462,22629,21264,20426,20057,20142,20733,21874,23187,25038,25963,25891,25504,25703,25929,25255,25369,26516,28658,29422,30043,30035,28306,25794
23,12,2024,2,645,14.66,23316,21399,20298,19728,19615,20191,22460,25750,28477,30029,29701,28622,27907,27980,28236,28169,28768,30039,31555,32030,32499,32099,29708,26840
24,12,2024,3,601,16.15,24433,22248,20838,20098,19809,20106,21774,24294,26517,28116,28105,27408,26626,26379,26127,25778,26081,27264,29357,29239,28178,26179,23535,22247
25,12,2024,4,514,16.93,21630,20680,19421,18416,17804,17701,18008,18637,19022,19977,21309,21913,21884,21900,21359,20522,20842,22136,24390,25386,26206,26463,25119,22834
26,12,2024,5,603,16.05,20974,19389,18414,17911,17751,18268,20331,23198,25656,27302,27885,27683,27349,27541,27356,26621,26925,27900,29547,30087,30671,30315,28197,25473
27,12,2024,6,632,15.34,23283,21385,20137,19603,19411,20005,22056,24941,27427,28997,29258,28703,28256,28114,27883,27393,27397,28706,30573,31094,31457,30998,28795,26243
28,12,2024,7,601,14.44,24143,22237,20768,20063,19649,19788,20804,22208,23878,25643,26546,26361,25864,25941,26047,25783,25872,26749,28916,29658,30228,30090,28185,25907
29,12,2024,1,581,14.21,23758,21817,20481,19693,19299,19327,19865,20757,21955,23466,24531,24673,24574,24955,25217,24852,24860,25803,28176,29214,30052,30103,28101,25394
30,12,2024,2,649,13.61,23112,21194,20142,19598,19462,20161,22340,25400,28204,29948,30089,29423,28651,28698,28638,28332,28590,29852,31618,32291,32823,32455,30200,27281
31,12,2024,3,624,13.1,24748,22419,20972,20163,19928,20400,21947,24248,26525,28378,29167,28669,27964,27761,27493,27217,27390,28442,30795,31100,30233,28385,25496,23992
1,1,2025,4,545,13.21,22915,22141,20898,19734,18953,18705,18890,19327,19470,19946,21004,21942,22525,23092,23336,22449,22708,23836,26317,27559,28611,28724,27150,24584
2,1,2025,5,666,13.86,22247,20569,19506,18933,18890,19665,22535,26161,29196,30938,31021,30413,29841,29785,30144,29857,30053,30919,32986,33898,34515,34047,31402,28091
3,1,2025,6,688,14.98,25529,23343,21875,21126,20907,21364,23911,27180,30009,31548,31743,31333,31228,31311,31196,30378,30472,31330,33042,33468,33808,33172,30618,27943
4,1,2025,7,625,16.28,25736,23514,21768,20905,20489,20579,21376,22944,24579,26593,27871,27654,27139,27390,27639,27350,27188,27838,29458,30051,30760,30810,28587,26321
5,1,2025,1,590,16.77,24174,22194,20700,19735,19389,19351,19914,20820,21916,23680,25250,25827,26210,27030,27320,26766,26680,26886,27809,27991,28634,28814,27276,25248
6,1,2025,2,565,16.24,23130,21266,19816,18960,18580,18680,19279,20138,21099,22822,24137,24787,24813,25131,24680,23649,23533,24477,26740,28010,28963,29073,27774,25197
7,1,2025,3,709,15.28,23131,21441,20454,20093,20219,21074,24407,28605,32083,33200,32987,32185,31585,31888,31990,31936,32290,33440,35373,36347,37226,36208,32339,28563
8,1,2025,4,736,17.54,26246,24155,22967,22447,22437,23292,26555,31286,34050,34375,33921,33168,32623,32672,32589,32364,32440,33663,35408,36373,37044,35699,32086,28452
9,1,2025,5,719,18.48,25997,24259,23202,22693,22684,23317,26408,30953,33457,33675,32979,32130,31386,31399,30906,30583,30866,31933,33982,35189,36056,35063,31719,28246
10,1,2025,6,712,18.95,26220,24326,23153,22781,22649,23332,26289,30834,33545,33651,33216,32326,31685,31349,30762,30389,30472,31405,33218,34110,34408,33608,30731,27943
11,1,2025,7,626,19.06,26177,24263,22736,21945,21618,21528,22215,23684,25437,27393,28573,28132,27356,27305,27452,26646,26241,26635,28313,29184,29793,29718,27744,25664
12,1,2025,1,585,16.19,23708,22065,20734,20106,19771,19838,20430,21350,22377,23919,25084,25010,24580,24540,24585,24082,24359,25179,27827,29861,30616,30537,28559,25961
13,1,2025,2,724,12.9,23865,22378,21499,21118,21169,22098,25810,31099,34432,34686,33690,32501,31621,31359,31158,31092,31664,32986,35544,36932,37983,36875,33124,29293
14,1,2025,3,766,12.85,26997,25356,24284,23832,23680,24518,27799,33225,36254,36396,35427,34231,33335,32873,32714,32487,32881,34000,36245,37991,39007,37976,34200,30500
15,1,2025,4,780,13.31,27831,26001,24742,24202,24201,24995,28490,33834,36888,37119,36057,34761,33834,33267,32756,32635,33355,34724,37150,38870,39812,38625,34826,31103
16,1,2025,5,787,13.23,28264,26195,24979,24455,24412,25226,28687,33866,37023,37037,36150,34957,34314,34227,33858,33937,34514,35464,37443,38856,39625,38434,34615,30881
17,1,2025,6,772,13.82,28405,26203,25080,24262,24152,24873,28065,33107,36034,36481,35573,35046,34429,34175,33615,33292,33456,34129,36083,37293,37616,36800,33651,30579
18,1,2025,7,677,14.86,28323,26185,24564,23709,23380,23471,24236,25872,27935,29848,30299,29836,28689,28506,28426,27933,27888,28648,30920,32410,33088,32992,30969,28604
19,1,2025,1,643,14.25,26185,24136,22683,21916,21577,21646,22259,23353,24554,26262,27246,27151,26872,27217,27603,27139,27336,28352,30862,32657,33716,33454,30979,27834
20,1,2025,2,770,14.41,25259,23409,22289,21827,21957,22823,26606,31819,35153,35998,36102,35938,36123,36251,36186,35712,35514,35915,37211,38207,38702,37422,33579,29764
21,1,2025,3,771,16.48,27441,25550,24188,23795,23593,24405,27653,32460,35179,35638,35915,35498,35174,35543,35154,34588,34195,34612,36003,37383,38048,36720,32991,29321
22,1,2025,4,743,17.8,26928,25242,23949,23410,23256,23967,27049,31594,34291,34734,34449,33485,33132,32996,32746,32331,32267,33067,34571,36001,36779,35709,32082,28831
23,1,2025,5,721,17.51,26603,24850,23546,23173,23036,23788,26595,31066,33552,33689,33067,32091,31626,31325,30753,30411,30619,31579,33425,35093,36027,35057,31718,28530
24,1,2025,6,715,18.5,26397,24580,23578,23183,22996,23704,26741,31486,33930,33867,32899,31701,31199,30907,30522,30308,30340,31107,32957,34474,34933,33792,30780,28124
25,1,2025,7,641,17.41,26318,24535,23271,22350,22007,21888,22613,24243,25880,27554,28674,28747,28798,29153,28756,27690,27046,27353,28695,30097,30517,30283,28194,25962
26,1,2025,1,608,17.61,24248,22661,21563,20775,20425,20434,21021,21957,22946,24533,25599,26084,26332,26937,27360,26569,26271,26894,28754,30209,31134,30778,28367,25775
27,1,2025,2,708,19.39,23618,22049,21205,20898,21033,21822,25518,30281,32680,33362,33295,32570,32040,32030,31874,31374,31525,32083,33511,35258,35934,34647,31124,27944
28,1,2025,3,734,15.4,26161,24572,23523,23144,22982,23800,26886,31739,33816,33958,33415,32959,32445,32128,31366,30813,31177,32465,34632,36585,37331,36111,32695,29321
29,1,2025,4,762,14.67,27164,25510,24483,24102,24001,24784,27898,32319,34331,34727,34798,34373,34300,35100,35110,34437,34090,34299,35332,36778,37346,35972,32370,28831
30,1,2025,5,747,14.32,27230,25630,24634,24225,24122,24929,27941,32118,34521,34666,34065,33207,32437,32346,31964,31831,32357,33306,34678,36308,37242,36225,32709,28530
31,1,2025,6,727,14.36,27800,25619,24407,23883,23836,24445,27854,32211,34283,34540,34128,32733,31693,31112,30559,30405,30573,31190,32641,34676,35093,34271,31314,28124
1,2,2025,7,647,14.5,26739,24765,23442,22563,22325,22302,23137,24817,26479,28146,29113,29278,28409,28256,28022,27173,26966,27480,29087,30506,31347,31386,29547,25962
2,2,2025,1,614,14.14,25142,23217,21800,21087,20742,20855,21402,22487,23620,24765,27124,26141,25804,26269,26661,25992,26062,26571,28950,30599,32753,31979,28367,25775
3,2,2025,2,727,14.36,24622,23102,22125,21758,21825,22951,26788,31596,34185,34502,34153,33169,32482,32223,31669,31226,31151,32139,33936,36323,37314,36412,32966,27944
4,2,2025,3,738,15.96,27048,25380,24332,23893,23934,24587,27869,32708,35334,35077,33655,32235,31424,30988,30473,30337,30813,31854,33777,36285,37414,36507,33102,29321
5,2,2025,4,739,16.03,27310,25466,24374,23957,24007,24677,28036,32983,35335,34988,33780,32305,31269,30804,30429,30175,30577,31856,33769,36255,37499,36671,33042,29676
6,2,2025,5,744,15.08,27322,25510,24543,24059,24012,24913,28032,32742,35170,35032,34027,32541,31756,31340,30916,30857,31183,32247,33993,36525,37536,36675,33279,29768
7,2,2025,6,753,14.44,27383,25646,24507,23942,23948,24791,28009,32768,35003,35310,34696,34124,33448,33723,33261,32536,32584,33374,34674,36142,36488,35198,31982,29051
8,2,2025,7,646,15.17,27077,25312,23893,23043,22681,22608,23301,24851,26459,28094,28875,28446,27681,27691,27316,26478,26202,27011,28627,30649,31528,31291,29470,27466
9,2,2025,1,604,16.41,25426,23495,22131,21444,21005,21093,21625,22585,23228,24541,25441,25437,25163,25284,25457,24696,24486,25377,27418,29988,31453,31613,29447,26630
10,2,2025,2,717,16.76,24374,22928,21943,21558,21597,22638,26211,30862,33332,33784,33883,33003,32330,32099,31607,31391,31424,31901,33107,35273,36333,35291,31687,28237
11,2,2025,3,724,17.24,26250,24658,23625,23213,23212,24031,27261,31896,33817,33708,32793,31614,30988,31042,30722,30705,31134,31866,33204,35423,36537,35413,31859,28758
12,2,2025,4,728,16.63,26675,24876,23827,23363,23360,24061,27127,31698,33533,33780,33314,32632,32447,32380,32003,31514,31077,31622,32973,35010,35928,34983,31562,28137
13,2,2025,5,710,17.67,26178,24554,23612,23125,23098,23796,27024,31688,33464,32922,31669,30576,30172,30075,29807,29879,29864,30701,32544,34600,35655,34935,31550,28355
14,2,2025,6,691,19.21,26537,24986,23871,23355,23357,24009,27230,31509,33275,32615,31355,29916,28918,28651,28214,27905,28206,29249,30799,33053,33651,32710,29892,27437
15,2,2025,7,624,18.79,25956,24445,23288,22592,22221,22132,22890,24318,25650,26981,27658,27286,26643,26917,26599,26000,25591,26119,27528,29492,30177,29919,28052,25878
16,2,2025,1,573,19.23,23901,22163,21018,20421,20185,20270,20726,21800,22368,23670,24456,24319,23904,23938,23803,23015,22969,23707,25499,28322,29893,29757,27792,25418
17,2,2025,2,675,18.5,23442,22117,21394,20995,20988,22044,25532,29949,31894,31743,31129,30023,29301,28839,28113,28018,28411,29434,31077,33647,34943,33982,30419,27270
18,2,2025,3,700,19.06,25509,24049,22913,22555,22533,23238,26428,30590,32372,32162,31538,30819,30572,30580,30108,29721,29699,30417,31648,34126,35313,34320,30743,27575
19,2,2025,4,689,19.17,25603,24112,23227,22746,22809,23371,26536,30827,32442,31998,30957,29986,29382,29154,28754,28437,28573,29237,30890,33705,35008,33815,30435,27435
20,2,2025,5,687,19.22,25612,23944,23148,22584,22577,23260,26473,30622,32108,31632,30888,30373,29651,29453,28778,28405,28426,29142,30751,33237,34527,33552,30341,27451
21,2,2025,6,696,18.17,25823,24277,23284,22976,22697,23389,26398,30487,31936,32239,31932,31620,31212,31112,30631,29994,29729,30046,30798,32951,33370,32513,29552,27070
22,2,2025,7,611,16.7,25387,23751,22523,21777,21407,21290,22082,23622,25111,26716,27163,26994,27143,27384,27129,26080,25294,25123,26142,28240,29381,29187,27213,25248
23,2,2025,1,567,17.93,23482,21871,20794,20147,19848,19852,20434,21202,21871,23193,24066,23857,23509,23862,23855,22856,22556,23299,25047,28167,29885,29798,27853,25225
24,2,2025,2,678,18.51,23252,21870,21046,20682,20853,21830,25429,30098,31915,31608,30986,29956,29733,29671,29373,29278,29144,29632,30974,33875,35039,34088,30570,27313
25,2,2025,3,704,17.86,25486,23887,22860,22247,22303,23071,26130,30277,31932,32045,31586,31110,31108,31402,31351,31029,30672,30557,31636,34215,35733,34594,31141,27893
26,2,2025,4,687,16.47,25948,24317,23370,23020,22918,23648,26776,31006,32526,31694,30246,29330,28425,27839,27666,27343,27779,28969,30774,33916,35460,34508,31274,28141
27,2,2025,5,705,16.36,26318,24746,23637,23290,23284,24076,27126,31112,32994,32770,31948,31209,30595,29994,29583,29174,29079,29966,31342,34063,35087,34138,31214,28268
28,2,2025,6,686,15.61,26416,24720,23638,23003,22969,23557,26441,29803,31208,31478,30979,30073,29758,29897,29568,28847,28657,29320,30445,32597,33388,32536,29875,27301
1,3,2025,7,625,13.95,25734,23970,22774,22152,21709,21732,22330,23569,24931,26586,27496,27616,27440,27452,27320,26645,26331,26775,27890,29593,30388,30418,28236,26088
2,3,2025,1,608,12.5,24201,22437,21240,20599,20357,20446,20894,21505,22410,24370,25949,26678,27118,27951,27955,26790,26267,26574,27673,29767,31072,30941,28957,26141
