"fecha"	"dia"	"mes"	"ano"	"diasem"	"dem"	"temp"	"dem1"	"dem2"	"dem3"	"dem4"	"dem5"	"dem6"	"dem7"	"dem8"	"dem9"	"dem10"	"dem11"	"dem12"	"dem13"	"dem14"	"dem15"	"dem16"	"dem17"	"dem18"	"dem19"	"dem20"	"dem21"	"dem22"	"dem23"	"dem24"
20220601	1	6	2022	4	665	29.09	25275	24005	22995	22635	22635	22974	24761	26953	28336	29155	29700	30041	30544	30774	30551	30005	29878	29786	29456	29461	29814	29842	28820	26630
20220602	2	6	2022	5	671	28.51	25626	24311	23371	22983	22790	23222	24961	27290	28405	29235	29754	30327	30901	31178	31116	30597	30407	30257	29572	29406	29797	30034	28954	26555
20220603	3	6	2022	6	669	27.99	25669	24443	23746	23440	23363	23650	25341	27451	29112	29881	30324	30612	31120	31229	30790	29808	29429	29580	29401	29182	28831	28999	28011	26062
20220604	4	6	2022	7	594	27.19	25396	24110	23036	22378	21943	21744	21742	22195	23668	25387	26500	26907	27099	27418	26958	25550	24905	24786	25064	25306	25572	26093	25982	24173
20220605	5	6	2022	1	550	29.26	22853	21741	20892	20404	19993	19980	19853	19601	20615	21950	23194	23755	24263	24872	24967	23828	23316	23366	23890	24354	25126	26038	26533	24605
20220606	6	6	2022	2	630	30.19	23044	21918	21132	20699	20580	21094	22897	24959	26354	27472	28121	28519	29171	29759	29544	28571	28580	28646	28365	28257	28677	29048	28322	25992
20220607	7	6	2022	3	677	31.33	25022	23732	22941	22354	22194	22635	24551	26854	28578	29613	30410	31048	31690	32019	31592	30883	30896	31099	30828	30547	30364	30457	29454	26849
20220608	8	6	2022	4	685	29.97	25718	24644	23727	23319	23204	23562	25310	27538	28960	29728	30460	30983	31681	32372	32042	31404	31314	31014	30494	30410	30333	30290	29399	27219
20220609	9	6	2022	5	690	30.41	26415	25087	24172	23775	23574	24000	25474	27554	29111	29921	30555	31035	31742	32116	31839	31189	31059	31149	30995	30874	30741	30566	29686	27391
20220610	10	6	2022	6	694	31.78	26341	24877	23906	23408	23312	23701	25237	27426	28979	30017	30905	31439	32372	32858	32538	31931	31737	31758	31511	31394	31087	30475	29522	27511
20220611	11	6	2022	7	637	32.26	26695	25326	24180	23427	23013	22760	22556	22963	24505	26291	27559	28339	28967	29579	29377	28572	28138	28130	28171	27967	28060	28232	27770	26222
20220612	12	6	2022	1	591	33.18	24594	23122	22000	21250	20733	20640	20500	20468	21287	22751	24234	25344	26170	26978	27425	26732	26415	26304	26456	26693	27308	28276	28716	26779
20220613	13	6	2022	2	711	33.91	25071	23615	22513	21922	21645	22019	24441	27010	29080	30479	31503	32345	33321	34103	34270	34089	34158	34343	33800	33506	33191	32886	32181	29709
20220614	14	6	2022	3	757	35.23	28355	26993	25914	25289	24917	25269	26949	29131	30906	32324	33477	34251	35192	35826	35839	35635	35673	35446	34822	34329	33923	33478	32796	30675
20220615	15	6	2022	4	776	35.59	29029	27584	26315	25738	25410	25758	27405	29683	31412	32893	34392	35311	36321	37120	37345	37175	37026	36936	36108	35394	34515	34035	32849	30372
20220616	16	6	2022	5	771	35.68	28970	27493	26324	25744	25377	25567	27140	29285	31281	32722	34061	35025	36204	37044	37318	36935	36731	36521	35619	34984	34155	33485	32503	30173
20220617	17	6	2022	6	767	37.54	28635	26758	25543	25093	24979	25311	26823	28887	30976	32621	34174	35363	36710	37520	37529	37088	36774	36511	35744	34873	33934	32941	32081	30139
20220618	18	6	2022	7	678	35.6	28789	27051	25515	24551	24075	23773	23581	24052	25656	27682	29585	30626	31257	31871	31802	31233	30603	30447	30180	29909	29663	29508	29237	27513
20220619	19	6	2022	1	593	30.77	25841	24137	23010	22226	21912	21684	21433	21194	22167	23247	24293	25131	25602	26376	26632	25936	25459	25613	25894	26293	26800	27474	28240	26640
20220620	20	6	2022	2	703	28.98	25113	23768	22902	22537	22487	23020	25192	27807	29914	31358	32371	32910	33707	33953	33751	32994	32730	32646	31924	31546	31355	31039	30148	27921
20220621	21	6	2022	3	712	28.52	26760	25697	24775	24246	23962	24499	26302	28570	30342	31591	32356	32947	33529	33810	33547	32827	32378	32027	31523	31527	31022	30767	29732	27547
20220622	22	6	2022	4	691	26.84	26596	25417	24288	23868	23560	24054	25612	27821	29719	30577	31263	31563	31999	32178	31796	31100	30785	30757	30429	30304	30117	30025	29403	27373
20220623	23	6	2022	5	667	27.43	26327	25037	24105	23539	23330	23675	25107	27027	28601	29702	30426	30682	31079	31246	30653	29635	29455	29436	28955	28736	28608	28215	27354	25626
20220624	24	6	2022	6	614	29.3	24886	23843	22962	22393	22217	22259	22999	24039	25046	25835	26569	27039	27546	28044	28010	27102	26815	26734	26737	26974	27092	27100	26818	25060
20220625	25	6	2022	7	591	28.28	24524	23281	22305	21594	21322	21155	21316	21738	23132	24948	26259	26805	27095	27547	27125	26152	25543	25475	25793	26035	25950	25849	25573	24163
20220626	26	6	2022	1	550	26.87	22821	21585	20695	19997	19770	19734	19695	19619	20411	22006	23481	24159	24589	25238	25458	24504	23886	23708	24045	24346	24722	25375	25767	24253
20220627	27	6	2022	2	643	27.17	22770	21515	20616	20231	20132	20779	22956	25286	27368	28811	29896	30378	30857	31205	30791	29774	29563	29590	29250	29151	29020	28947	28150	25980
20220628	28	6	2022	3	673	29.69	24927	23840	22881	22535	22538	23001	24746	26714	28348	29652	30437	30946	31434	31705	31221	30455	30405	30516	30298	30314	30180	29871	29109	26684
20220629	29	6	2022	4	680	28.82	25789	24447	23410	23058	22833	23270	24953	26813	28268	29689	30695	31242	31975	32495	32142	31297	31012	30880	30538	30299	29848	29471	28800	26818
20220630	30	6	2022	5	675	28.13	25846	24579	23578	23053	22867	23147	24835	26727	28308	29540	30470	30994	31610	32053	31638	30869	30687	30537	30028	29728	29445	29266	28701	26649
20220701	1	7	2022	6	667	29.52	25661	24296	23320	22913	22699	23153	24726	26570	27841	28744	30014	30858	31297	31539	31235	30483	30034	30023	29845	29747	29332	28617	27842	26152
20220702	2	7	2022	7	621	31.12	25649	24352	23382	22683	22214	22164	22273	22639	24078	25916	27484	28007	28377	28626	28485	27612	27099	26889	26942	27338	27562	27739	27323	25863
20220703	3	7	2022	1	579	30.45	24267	22959	21754	21045	20646	20564	20511	20438	21333	22775	24270	25109	25762	26447	26719	25917	25453	25224	25554	25917	26100	26659	27225	25941
20220704	4	7	2022	2	682	31.13	24406	23093	22176	21737	21544	22090	24114	26465	28003	29357	30602	31326	32169	32775	32637	32114	31871	31830	31433	31252	31207	30872	30537	28310
20220705	5	7	2022	3	706	31.14	26970	25278	24147	23882	23580	23983	25829	27923	29266	30686	31961	32899	33762	34289	25638	33557	33248	33091	32421	32022	31614	31295	30451	28170
20220706	6	7	2022	4	709	29.27	27207	25820	24770	24366	24086	24455	26168	28239	29972	31123	32157	32844	33491	34001	33645	32716	32011	31836	31100	30834	30527	30158	29486	27501
20220707	7	7	2022	5	699	30.33	26679	25272	24278	23616	23479	23831	25540	27501	28921	30045	30935	31605	32262	32868	32814	32287	32085	31996	31558	31335	30979	30572	30033	28171
20220708	8	7	2022	6	708	31.97	27141	25635	24462	24092	23774	24145	25817	27769	29222	30522	31591	32410	33113	33739	33658	32933	32575	32413	31966	31730	31363	30372	29646	27630
20220709	9	7	2022	7	638	33.62	26791	25524	24257	23398	22855	22649	22653	23034	24370	26229	27887	28669	29337	29931	29998	29325	29016	28926	28933	21802	28821	28433	28086	26593
20220710	10	7	2022	1	612	34.7	25102	23583	22521	21924	21559	21370	21152	20987	21877	23278	25132	26157	26906	28009	28541	28081	27619	27579	27742	28132	28299	28859	29546	28053
20220711	11	7	2022	2	737	35.38	26485	25002	23942	23461	23062	23592	25723	27756	29854	31682	33063	34128	35079	35770	35855	35413	35208	35143	34388	33936	33232	32698	32177	30099
20220712	12	7	2022	3	765	36.07	28801	27120	25989	25357	25000	25225	26868	28788	30547	32422	33831	34864	35814	36542	36889	36398	36232	36145	35523	35076	34337	33716	32951	30811
20220713	13	7	2022	4	781	38.06	29467	27801	26545	25915	25547	25669	27420	29288	31116	32973	34560	35625	36630	37650	37843	37374	37101	36777	35893	35449	34892	34290	33614	31457
20220714	14	7	2022	5	785	37.17	30226	28297	27076	26318	25902	26116	27740	29553	31215	32873	34331	35462	36777	37601	37854	37364	37262	36866	36113	35572	34931	34265	33727	31470
20220715	15	7	2022	6	780	37.07	30417	28541	27215	26335	25982	26052	27535	29191	30780	32548	34135	35396	36513	37510	37701	37119	36969	36731	35934	35450	34558	33581	32765	30734
20220716	16	7	2022	7	703	37.82	29751	28189	26839	25954	25407	24930	24865	25020	26183	27937	29604	30595	31489	32436	32677	32196	32001	31677	31431	31457	31410	31352	30938	28992
20220717	17	7	2022	1	653	38.53	27472	26002	24753	23907	23353	22968	22773	22453	22987	24382	26046	27229	28227	29446	30178	29919	29667	29408	29466	29768	30065	30761	31374	29919
20220718	18	7	2022	2	771	36.08	28269	26475	25259	24647	24326	24809	27023	29027	31177	33074	34352	35480	36497	37235	37388	37067	37089	36756	35628	35164	34654	34346	33714	31400
20220719	19	7	2022	3	767	33.79	29882	28107	26722	25966	25586	25865	27646	29353	31179	32741	34022	34756	35576	36376	36279	35877	35931	35734	34885	34298	33746	33607	33013	30188
20220720	20	7	2022	4	765	33.15	29227	27542	26368	25634	25268	25446	27139	28840	29755	31152	32557	33827	35816	36972	37083	36588	36450	36231	35539	35037	34304	33871	33142	30790
20220721	21	7	2022	5	777	34.18	29565	27569	26292	25724	25540	25743	27411	29243	30981	32756	34334	35175	36271	37234	37450	37097	36859	36838	36009	35535	34769	34229	33493	31238
20220722	22	7	2022	6	776	33.87	30126	28363	26983	26350	26104	26281	28011	29666	31334	32883	34368	35653	36821	37468	37369	36793	36266	35910	35260	34710	33890	33021	32044	30006
20220723	23	7	2022	7	683	34.15	29256	27360	25857	24896	24059	23646	23733	24020	25268	26989	28847	29856	30750	31606	31681	31421	31099	30823	30804	30772	30783	30706	30248	28566
20220724	24	7	2022	1	641	36.55	27161	25578	24335	23381	22771	22501	22405	22031	22759	24162	25603	26623	27595	28636	29420	29352	29129	28976	29059	29268	29598	30241	30939	29469
20220725	25	7	2022	2	730	34.76	27793	25868	24671	23927	23423	23621	25252	26705	28243	30136	31823	33186	34076	35026	35359	34873	34695	34406	33953	33523	33083	32926	32620	30809
20220726	26	7	2022	3	764	32.92	29404	27636	26376	25552	25096	25238	26958	28958	30764	32376	33527	34685	35687	36525	36536	36183	35976	35686	35015	34622	33998	33631	32836	30547
20220727	27	7	2022	4	748	31.74	29320	27661	26400	25643	25263	25477	27319	28928	30371	31825	33138	34052	34777	35414	35311	34741	34641	34435	33777	33434	32753	32386	31575	29511
20220728	28	7	2022	5	749	32.69	28580	26995	25878	25260	24976	25264	27161	28883	30384	31906	33170	33956	34917	35601	35725	35201	34974	34583	34016	33656	33166	32826	31978	30033
20220729	29	7	2022	6	740	32.61	29024	27523	26147	25398	25033	25393	27074	28849	30398	32000	33244	34010	34896	35451	35249	34559	34112	33907	33105	32619	31960	31505	30428	28505
20220730	30	7	2022	7	660	32.84	27747	26411	25066	24245	23691	23281	23576	23531	24618	26423	28002	28847	29696	30452	30688	30486	30007	29666	29502	29314	29104	29324	28780	27329
20220731	31	7	2022	1	620	34.03	25899	24520	23465	22398	21929	21739	21854	21397	21930	23355	24780	25987	26824	27980	28733	28470	28102	28035	28170	28456	28647	29544	29909	28165
20220801	1	8	2022	2	727	34.72	26381	24709	23643	22938	22693	23158	25243	26963	28908	30684	32371	33517	34513	35523	35723	35233	34898	34548	33967	33364	32941	33118	32214	30075
20220802	2	8	2022	3	746	35.55	28419	26660	25459	24697	24523	24742	26451	27933	29406	31261	32779	33812	35010	35929	36088	35572	35435	35126	34282	33586	33091	33111	32186	29942
20220803	3	8	2022	4	731	34.9	28744	26995	25719	24868	24521	24698	26389	27851	29119	30931	32479	33407	34601	35585	35755	35320	26288	34635	33971	33266	32479	32366	31511	29520
20220804	4	8	2022	5	728	33.57	27979	26363	25223	24517	24091	24303	25938	27412	28710	30385	31933	33023	33950	34918	35069	34471	34341	34186	33406	32680	32154	32264	31326	29099
20220805	5	8	2022	6	709	32.91	27659	26266	24994	24262	23824	23972	25525	27018	28297	29802	31470	32339	33360	34135	34269	33770	33361	32791	32072	31584	30864	30571	29461	27524
20220806	6	8	2022	7	640	33.41	26381	24945	23684	22873	22528	22310	22692	22661	23754	25425	27164	28015	28582	29455	29750	29589	29477	29353	29238	29163	28773	29266	28478	26829
20220807	7	8	2022	1	597	33.7	25521	24085	22744	21927	21258	20967	21143	20863	21407	22884	24255	25049	25711	26763	27350	27132	26910	27042	27154	27180	27129	28103	27964	26360
20220808	8	8	2022	2	671	33.38	24756	23248	22184	21581	21419	21831	23695	25170	26739	28290	29450	30280	31066	32151	32511	31940	31776	31735	31415	30849	30401	30764	29793	27701
20220809	9	8	2022	3	685	34.42	26429	24818	23610	22770	22450	22710	24322	25767	26973	28585	29898	30862	31700	32567	32858	32329	32203	32000	31585	31046	30408	30981	30045	27776
20220810	10	8	2022	4	701	35.61	26715	25107	23993	23433	23222	23410	24891	26287	27346	28880	30295	31520	32575	33471	33656	33053	33058	32922	32492	31733	31428	31820	30766	28598
20220811	11	8	2022	5	703	35.13	27462	25817	24568	23910	23503	23589	25157	26271	27350	29012	30430	31261	32163	33113	33395	33032	32849	32715	32376	32029	31545	31997	30875	28958
20220812	12	8	2022	6	703	35.51	27511	25862	24755	23865	23573	23776	25251	26391	27270	28600	30078	31111	32198	33194	33488	33083	33064	32859	32329	31875	31398	31814	30747	28813
20220813	13	8	2022	7	650	34.89	27689	26135	25004	23997	23345	23133	23280	23407	24238	25865	27598	28473	29291	30083	30328	29835	29166	28969	28661	28470	28519	29286	28320	26476
20220814	14	8	2022	1	584	33.9	25138	23611	22561	21807	21238	20956	21103	20733	21201	22279	23673	24642	25263	26081	26576	26285	26021	25988	26198	26399	26269	27414	27185	25451
20220815	15	8	2022	2	572	31.5	23957	22642	21659	20935	20486	20372	20696	20642	20850	22097	23301	24081	24634	25449	25907	25554	25405	25553	25816	25950	26129	27508	27033	25246
20220816	16	8	2022	3	631	31.85	24143	22714	21761	21156	20838	21122	22780	23959	24947	26427	27728	28529	29128	29816	29962	29150	29062	29068	28774	28502	28361	29314	28071	26076
20220817	17	8	2022	4	629	29.11	24980	23638	22607	22034	21762	21948	23385	24551	25262	26438	27417	28094	28530	29154	29229	28462	28243	28299	27954	27754	27794	28682	27379	25219
20220818	18	8	2022	5	618	29.19	24486	23145	22274	21691	21670	21818	23237	24370	24929	25857	27019	27450	27836	28368	28483	27615	27498	27298	27289	27266	27319	28331	27220	25215
20220819	19	8	2022	6	620	31.39	24344	23198	22224	21642	21414	21616	22926	23957	24718	26056	26974	27530	27966	28625	28670	27874	27707	27831	27892	28016	27925	28615	27106	25263
20220820	20	8	2022	7	595	33.19	24560	23379	22256	21594	21259	21135	21385	21595	22269	23915	25196	25725	26329	27064	27167	26629	26343	26447	26822	26940	27018	28094	26681	24868
20220821	21	8	2022	1	567	34.01	23741	22335	21430	20806	20304	20026	20212	19969	20216	21507	22811	23724	24534	25486	26081	25633	25361	25347	25564	25802	26172	27627	27150	25623
20220822	22	8	2022	2	661	32.08	24319	22851	21906	21447	21265	21693	23681	25185	26325	27902	28950	29807	30555	31435	31569	30972	30799	30756	30499	30278	30147	31223	29557	27414
20220823	23	8	2022	3	689	32.9	26289	24855	23912	23309	23032	23201	24762	26283	27295	28896	30072	30862	31850	32623	32724	32065	31830	31785	31566	31213	30807	31710	29964	27824
20220824	24	8	2022	4	699	33.5	26661	25283	24245	23570	23283	23550	25209	26850	27728	29356	30842	31768	32624	33186	33400	32687	32511	32387	31799	31533	31259	31945	29881	27632
20220825	25	8	2022	5	694	31.65	26581	25081	24075	23537	23273	23489	25261	26772	27853	29210	30481	31100	31900	32744	32813	32228	32175	32204	31836	31354	31027	31486	29685	27533
20220826	26	8	2022	6	677	30.76	26392	25172	24006	23255	22991	23229	24950	26467	27284	28557	29778	30639	31392	32070	32027	31433	31149	30734	30199	29871	29639	30327	28607	26630
20220827	27	8	2022	7	616	31.16	25706	24460	23375	22726	22285	21977	22254	22468	23130	24632	26057	26899	27588	28332	28369	27841	27474	27340	27421	27406	27411	28476	27007	25237
20220828	28	8	2022	1	578	33.31	23905	22678	21564	20768	20325	20184	20411	20483	20723	22090	23417	24513	25191	26228	26747	26217	25886	25948	26047	26347	26877	28276	27505	25830
20220829	29	8	2022	2	684	32.47	24525	23182	22204	21612	21389	21864	23986	26227	27781	29322	30749	31604	32570	33279	33225	32557	32240	32253	31679	31224	31082	32091	29956	27829
20220830	30	8	2022	3	708	33.02	26682	25261	24175	23630	23366	23582	25455	27460	28578	29841	31211	32137	33104	33997	34051	33376	33073	32873	32327	31699	31718	32364	30063	27862
20220831	31	8	2022	4	697	30.98	26781	25555	24550	23819	23480	23706	25534	27660	28730	29773	30839	31560	32223	32894	32782	32236	31946	31880	31349	30832	30786	31403	29266	27106
20220901	1	9	2022	5	686	31.36	25848	24559	23523	23010	22786	23048	24997	27085	28166	29289	30395	30885	31793	32563	32448	31686	31763	31592	31178	30776	30989	31564	29345	27162
20220902	2	9	2022	6	687	30.69	26334	25022	24060	23559	23389	23719	25486	27522	28561	29887	30890	31527	32291	32657	32525	31731	31376	31078	30371	29950	29869	30357	28166	26209
20220903	3	9	2022	7	597	29.29	25340	24094	22971	22324	21925	21550	21916	22426	22976	24541	25636	26277	26724	27120	27071	26243	25788	25784	25878	26041	26533	27524	25906	24278
20220904	4	9	2022	1	551	31.13	23014	21733	20927	20266	19914	19745	19980	20209	20253	21345	22261	22817	23582	24387	24735	24003	23750	23905	24317	24860	26041	27700	26739	24912
20220905	5	9	2022	2	666	31.69	23349	22171	21343	20969	20933	21474	23937	26592	27932	29157	29918	30814	31597	32108	31799	30841	30669	30776	30683	30458	30812	31707	29241	26830
20220906	6	9	2022	3	679	32.05	25464	24290	23268	22772	22581	22887	24741	27056	28149	29256	30026	30694	31426	31971	31757	30993	31010	31128	31023	30610	30958	31488	28977	26702
20220907	7	9	2022	4	684	31.17	25536	24252	23304	22830	22643	23071	25119	27546	28606	29322	30859	31303	31935	32322	32083	31173	31107	31162	30788	30561	31185	31491	28915	26548
20220908	8	9	2022	5	671	30.14	25502	24306	23442	22933	22810	23058	24841	27107	28160	29144	29662	30206	30563	31022	30787	30226	30132	30189	30042	30038	30499	30927	28560	26387
20220909	9	9	2022	6	678	30.73	25378	24194	23375	22858	22688	23058	25020	27435	28390	29506	30414	31212	31714	32187	31628	30901	30784	30865	30794	30089	30375	30573	28186	26204
20220910	10	9	2022	7	611	32.26	25183	23969	22968	22368	21911	21618	22083	22699	23229	24940	26348	27115	27511	28078	27899	27300	26980	27056	27273	27310	27731	28466	26530	24866
20220911	11	9	2022	1	577	34.2	23645	22466	21436	20696	20375	20210	20473	20619	20711	22118	23539	24354	25118	26204	26591	25920	25795	25917	26123	26204	27252	28361	27206	25517
20220912	12	9	2022	2	698	33.03	24165	23123	22339	21928	21766	22243	24885	27586	29396	30684	31752	32342	32994	33546	33698	32958	32895	32755	32218	31951	32764	32601	29692	27327
20220913	13	9	2022	3	692	28.61	26156	24949	24122	23763	23570	24098	26516	29313	30819	23962	32636	32670	33019	33167	32471	31547	31125	30832	30208	30228	31382	31271	28389	26189
20220914	14	9	2022	4	675	27.9	24953	23903	23137	22700	22698	23083	25436	28336	29633	30417	30937	30962	31282	31346	30809	30100	29817	29868	29822	29723	30928	30982	28194	25990
20220915	15	9	2022	5	670	27.73	24788	23674	22814	22425	22201	22559	24878	27699	28731	29575	30388	30542	30894	31263	31007	30356	30288	30242	29851	29825	31247	31069	28256	25919
20220916	16	9	2022	6	666	27.69	24833	23874	23101	22645	22528	22942	25207	27944	28906	29848	30356	30532	30930	31181	30560	29648	29316	29450	29365	29163	30063	30099	27534	25494
20220917	17	9	2022	7	580	27.48	24527	23448	22474	21900	21499	21181	21654	22459	22820	24283	25179	25646	25867	26137	25760	24883	24524	24655	24934	25049	26441	26944	24828	23296
20220918	18	9	2022	1	536	28.01	22133	20945	20119	19747	19342	19232	19524	19897	19954	21168	22228	22888	23390	24195	24127	23165	22765	22951	23339	23743	25735	26422	25139	23569
20220919	19	9	2022	2	646	28.66	22355	21384	20677	20446	20421	21020	23823	26987	28217	28995	29542	29782	30313	30712	30251	29705	29556	29673	29360	29264	30613	30306	27536	25308
20220920	20	9	2022	3	663	27.86	24110	23162	22400	22187	22019	22421	24708	27692	28725	29445	29975	30233	30758	30892	30509	30031	29980	30049	29814	29633	30899	30416	27539	25347
20220921	21	9	2022	4	658	27.51	24179	23077	22471	21970	21903	22364	24788	27683	28732	29255	29655	29932	30597	30677	30202	29508	29517	29458	29051	29076	30682	30157	27377	25256
20220922	22	9	2022	5	657	27.96	24067	22930	22219	21868	21737	22207	24446	27496	28502	29107	29594	29950	30454	30627	30171	29574	29616	29743	29519	29372	30866	30278	27393	25142
20220923	23	9	2022	6	651	28.1	24021	22941	22287	21932	21730	22156	24470	27318	28436	29013	29447	29976	30643	30801	30295	29449	29183	29224	28845	28539	29865	29227	26657	24623
20220924	24	9	2022	7	564	26.04	23745	22640	21675	21045	20606	20432	20924	21789	22374	23998	24987	25349	25503	25929	25350	24210	23592	23617	24029	24261	25886	25998	24036	22359
20220925	25	9	2022	1	512	23.55	21128	20011	19257	18748	18508	18503	18933	19352	19495	20679	21773	22266	22462	22959	22963	21917	21282	21157	21859	22569	24870	25247	23753	22070
20220926	26	9	2022	2	595	23.97	20969	20096	19536	19274	19160	19798	22352	25532	26767	27327	27572	27640	27945	28107	20739	26779	26616	26906	26928	27191	29292	28754	25881	23657
20220927	27	9	2022	3	623	25.8	22712	21743	21017	20686	20631	21103	23411	26359	27880	28065	28208	28324	28581	28593	28172	27487	27450	27678	27633	27937	29692	29181	26184	23848
20220928	28	9	2022	4	625	26.1	22842	21795	21115	20831	20791	21265	23624	26753	27812	28132	28193	28380	28730	28988	28654	27766	27563	27626	27521	27930	29733	29069	26160	23857
20220929	29	9	2022	5	624	23.71	22925	21977	21193	20917	20847	21277	23623	26579	27671	28213	28511	28646	29060	28874	28298	27793	27382	27564	27360	27756	29570	28555	25747	23504
20220930	30	9	2022	6	609	23.22	22550	21676	20849	20582	20532	21013	23329	26458	27435	27838	27894	27933	28341	28265	27555	26680	26291	26250	26382	26533	28251	27761	25306	23275
20221001	1	10	2022	7	545	25.64	22301	21195	20411	19968	19717	19562	20316	21320	22013	23473	24385	24386	24520	24679	24240	23159	22700	22938	23223	23661	25518	25441	23543	22034
20221002	2	10	2022	1	508	27.22	20659	19524	18915	18272	18112	18124	18521	19086	19189	20524	21642	22086	22318	22779	22680	21627	21271	21394	21932	22838	25151	25297	23738	22241
20221003	3	10	2022	2	609	28.31	20778	19752	19111	18941	19116	19835	22569	25837	27266	27535	27549	27912	28351	28786	28336	27537	27608	27516	27360	27807	29992	29248	26435	23980
20221004	4	10	2022	3	633	28	22900	21904	21230	20785	20900	21340	23658	26791	27997	28518	28692	28744	29197	29373	28764	28311	28148	28277	28225	28500	30521	29483	26570	24256
20221005	5	10	2022	4	632	27.47	22999	21951	21245	20881	20836	21410	23629	26840	27962	28366	28525	28722	29031	29155	28870	28248	28105	28126	27949	28408	30357	29331	26487	24268
20221006	6	10	2022	5	632	25.76	23317	22315	21584	21336	21415	21880	24170	27156	28436	28745	29025	29087	29469	29698	29241	28512	28287	28444	28118	28747	22879	29437	26491	24535
20221007	7	10	2022	6	630	25.99	23398	22409	21670	21163	21080	21372	23824	27038	28213	28515	28819	28979	29224	29432	28823	27918	27585	27563	27405	27723	29494	28465	25910	24002
20221008	8	10	2022	7	556	25.71	23056	21991	21102	20574	20173	19925	20294	21377	22233	23616	24492	25068	25275	25667	25052	23873	23450	23630	23708	24275	25923	25436	23572	21875
20221009	9	10	2022	1	510	26.33	20749	19796	18912	18602	18171	18231	18582	19119	19379	20535	21711	22290	22599	23151	22873	21793	21397	21449	21819	22867	25171	25006	23582	21913
20221010	10	10	2022	2	613	25.28	20840	19938	19240	18956	18985	19733	22489	25835	27418	28056	28474	28607	29006	29086	28358	27729	27609	27600	27469	28255	29966	28902	26215	23943
20221011	11	10	2022	3	621	23.43	22759	21763	20942	20528	20593	21101	23378	26463	27991	28422	28737	28771	28953	29019	28346	27677	27375	27390	27193	27824	29197	28190	25501	23366
20221012	12	10	2022	4	528	24.65	22305	21182	20238	19833	19572	19346	19515	20285	20693	21751	22830	23189	23157	23624	23257	22247	21721	21878	22134	23220	25233	24912	23499	21940
20221013	13	10	2022	5	608	26.29	20871	19916	19351	19105	19207	19935	22539	25919	27323	27546	27774	28081	28041	28044	27719	27234	27342	27419	27519	28245	30075	28909	26114	23978
20221014	14	10	2022	6	618	27.65	22677	21509	20823	20492	20384	20858	23109	26183	27715	27510	27838	28405	28679	28675	28216	27534	27439	27762	27385	28118	29348	28447	25612	23702
20221015	15	10	2022	7	539	27.64	22612	21580	20675	20134	19817	19648	20188	21209	22037	23061	23524	23467	23457	23811	23448	22429	22147	22483	23055	24180	25552	25172	23383	21818
20221016	16	10	2022	1	508	28.56	20574	19472	18640	18106	17902	17883	18366	18920	19264	20371	21460	21969	22256	22988	23122	22051	21489	21592	22023	23452	25516	25148	23555	21799
20221017	17	10	2022	2	610	27.45	20525	19685	19042	18638	18834	19571	22428	25945	27601	27945	28237	28609	28830	28776	28317	27490	27503	27596	27406	28534	30200	28868	25952	23658
20221018	18	10	2022	3	632	28.6	22541	21751	21124	20756	20826	21410	23599	26814	28411	28551	28484	28515	28910	29229	28696	28151	28095	28232	28199	29214	30713	29470	26485	24191
20221019	19	10	2022	4	637	26.81	23168	22174	21562	21195	21203	21823	24294	27545	29067	29333	29457	29572	29800	30124	22131	28835	28496	28410	28297	29314	30740	29444	26683	24667
20221020	20	10	2022	5	647	24.65	23403	22071	21371	21002	21049	21710	24022	27103	28853	29294	29507	29927	30392	30464	29936	29354	28835	28535	28593	29613	31032	29815	26772	24550
20221021	21	10	2022	6	635	24.23	23488	22449	21753	21360	21327	21875	24216	27347	29026	29212	29318	29336	29528	29542	28956	28199	27779	27571	27380	28347	29560	28364	25725	23750
20221022	22	10	2022	7	550	24.84	22583	21618	20679	20150	19904	19742	20334	21346	22463	23756	24748	24752	24722	24882	24570	23645	23044	23000	23265	24440	25721	25361	23470	21791
20221023	23	10	2022	1	518	25.01	20718	19746	18980	18572	18315	18219	18738	19379	19869	20931	22250	22822	23290	23656	23622	22415	21565	21611	22165	23870	25758	25510	23938	22099
20221024	24	10	2022	2	612	25.11	20834	20042	19404	19123	19261	19984	22607	25952	27860	28131	28163	28147	28127	28001	27747	27281	27278	27443	27628	29106	30459	29142	26213	23839
20221025	25	10	2022	3	630	26.6	22733	21716	20944	20618	20530	20998	23224	26540	28230	28406	28566	28596	28900	29119	28552	27926	27723	27971	28051	29491	30551	29533	26559	24121
20221026	26	10	2022	4	633	27.19	22939	22022	21323	20900	20803	21345	23537	26818	28596	28773	28864	28863	29047	29027	28512	28036	28038	28058	27867	29444	30576	29279	26330	24108
20221027	27	10	2022	5	630	26.75	22907	21858	21226	20847	20660	21136	23488	26737	28445	28627	28520	28438	28530	28779	28360	27723	27855	27893	27895	29232	30488	29334	26438	24086
20221028	28	10	2022	6	617	25.58	22806	21678	20915	20649	20471	20991	23340	26558	28234	28206	28154	28260	28328	28406	27944	27166	27016	27029	26953	28230	29009	27866	25210	23298
20221029	29	10	2022	7	539	24.96	22155	20989	20179	19700	19429	19243	20011	21030	22407	23308	24192	24233	24013	24395	23959	22867	22447	22427	22764	24274	25147	24949	23153	21561
20221030	30	10	2022	1	502	22.5	20483	19307	18302	17842	17708	17870	18347	18922	19649	21060	21753	21849	22081	22623	22277	21346	20880	21215	22936	24020	24398	23939	22092	20622
20221031	31	10	2022	2	556	22.48	19485	18672	18131	17753	17766	18382	20338	22139	23648	24813	25313	25332	25763	26450	26350	25321	25018	25233	26235	26680	26550	25511	23358	21629
20221101	1	11	2022	3	508	23	20694	19716	19007	18623	18418	18411	18804	19325	19665	20768	21414	21648	21654	22360	22246	21391	21069	21333	23282	24632	25061	24563	22978	21425
20221102	2	11	2022	4	601	23.09	20496	19587	18935	18709	18896	19676	22508	25574	26954	26850	26650	26638	26914	27182	27488	27088	27183	27612	28628	29531	29776	28571	25834	23629
20221103	3	11	2022	5	621	21.86	22550	21537	20987	20627	20533	21029	23394	26298	27546	27987	27940	28114	28413	28495	28206	27444	27115	27459	28809	29420	29517	28272	25739	23568
20221104	4	11	2022	6	617	20.65	22716	21639	20869	20533	20586	21106	23516	26372	27659	27874	27848	27766	27861	27861	27439	26928	27082	27319	28686	29247	29173	28025	25639	23657
20221105	5	11	2022	7	541	20.63	22436	21245	20362	19925	19655	19658	20141	20906	21903	23253	23889	23566	23682	24121	23674	22826	22451	22498	24368	25086	25403	24997	23253	21613
20221106	6	11	2022	1	502	22.73	20376	19249	18441	18043	17763	17770	18219	18497	18718	19936	21056	21609	21707	22256	22299	21515	21006	21200	23267	24384	25123	24740	23341	21659
20221107	7	11	2022	2	606	21.68	20388	19385	18842	18587	18689	19513	22439	25852	26987	27008	27116	27236	27403	27598	27564	26947	27183	27548	29137	30070	30361	29138	26482	24178
20221108	8	11	2022	3	633	21.8	22943	21778	21017	20692	20688	21212	23630	26814	27967	28345	28373	28371	28361	29323	28911	28241	28081	28348	29645	30141	30537	29284	26527	24189
20221109	9	11	2022	4	628	21.09	22963	21816	21031	20779	20779	21283	23599	26526	27736	28049	28218	28633	28665	28643	28236	27572	27391	27781	29131	29694	30032	28962	26353	24082
20221110	10	11	2022	5	628	20.92	23088	21803	21046	20709	20780	21438	23850	26945	28075	28358	28180	27960	28016	28286	27938	27674	27414	26993	28206	30021	30436	29319	26949	24708
20221111	11	11	2022	6	624	20.71	23281	22106	21459	21020	21110	21652	23921	27067	28248	28531	28604	28652	28797	28889	28585	27754	27480	27699	29017	21959	29504	28572	26106	24214
20221112	12	11	2022	7	559	22.09	23063	21864	20850	20304	19985	19856	20482	21380	22371	24130	25037	24971	24907	25399	24904	23941	23485	23601	25251	25725	25956	25485	23727	21972
20221113	13	11	2022	1	513	21.49	20795	19594	18774	18193	18060	18086	18590	19036	19464	20776	21903	22064	22057	22593	22612	21792	21530	22105	23960	24870	25471	25241	23697	21853
20221114	14	11	2022	2	621	20.58	20681	19634	19080	18981	19003	19795	22714	26334	27804	28115	28183	28242	28576	28874	28763	28354	28044	28440	29712	30322	30665	29458	26656	24263
20221115	15	11	2022	3	640	20.89	23139	22032	21009	20726	20679	21398	23769	27023	28329	28818	29029	29077	29309	29381	28909	28403	28556	28746	29990	30507	30812	29538	26703	24372
20221116	16	11	2022	4	646	20.08	23220	22039	21199	20804	20814	21525	24005	27262	28569	29020	29132	29200	29692	29880	29629	28979	28715	28973	30154	30538	31014	29829	26972	24576
20221117	17	11	2022	5	650	21.69	23558	22410	21607	21224	21287	21950	24376	27767	29033	29175	29181	29173	29389	29477	29254	28563	28602	28995	30387	30815	31186	29974	27291	24856
20221118	18	11	2022	6	643	16.88	23757	22543	21771	21364	21295	21854	24132	27349	28640	29421	29679	29715	29884	29748	28990	28142	27823	28199	29475	29872	29899	28851	26412	24339
20221119	19	11	2022	7	576	15.66	23471	22235	21185	20494	20191	20191	20796	21879	22947	24623	25562	25512	25460	25948	25810	24899	24510	24801	26462	26910	27143	26742	24902	23019
20221120	20	11	2022	1	534	17.95	21678	20325	19335	18763	18534	18452	18941	19510	19958	21532	22682	22994	23164	23821	23880	22851	22422	22826	25008	25946	26845	26589	24944	22961
20221121	21	11	2022	2	654	18.74	21494	20345	19628	19401	19438	20263	23326	27124	28795	29685	30057	30405	30837	31404	31090	30046	29790	30259	31516	31935	32297	31195	28201	25436
20221122	22	11	2022	3	679	16.58	23856	22503	21711	21413	21253	21977	24461	28229	30362	30847	31023	31249	31361	31794	31510	30914	30675	31038	31943	32405	32693	31744	28696	25835
20221123	23	11	2022	4	671	20.4	24410	23088	22301	21856	21799	22503	25208	28828	30372	30768	30686	30526	30528	30334	29764	29199	29063	29697	31171	31720	32121	30969	28119	25475
20221124	24	11	2022	5	667	18.95	24045	22825	22062	21747	21467	22149	24740	28282	29819	30162	30465	30418	30598	30740	30294	29629	29495	29968	31190	31457	31699	30639	27844	25206
20221125	25	11	2022	6	649	18.38	23967	22628	21760	21382	21401	21892	24376	27897	29331	29529	29503	29289	29231	29235	29000	28362	28275	28622	30119	30440	30507	29557	27246	25023
20221126	26	11	2022	7	582	17.77	23920	22552	21518	20780	20500	20521	21229	22488	23698	25237	26143	26089	25758	25817	25545	24680	24287	24613	26459	27055	27462	27076	25407	23661
20221127	27	11	2022	1	553	17.69	22184	20807	19875	19338	18972	18946	19443	20228	20710	22307	23566	24032	24039	24478	24724	23778	23391	24016	26182	27415	27912	27066	25678	23438
20221128	28	11	2022	2	657	16.2	21914	20678	19836	19368	19491	20303	23455	27651	29819	30362	30488	30297	30165	30222	30162	29480	29555	30218	31889	32445	32983	31709	28808	25872
20221129	29	11	2022	3	680	16.14	24282	22868	21983	21560	21535	22219	24981	28882	30823	31123	30971	30718	30576	30609	30558	30055	30056	30674	32114	32630	33273	32174	29205	26300
20221130	30	11	2022	4	690	15.07	24714	23189	22326	21892	21938	22609	25391	29412	31381	31558	31533	31123	30977	31270	31005	30646	30586	31339	32592	33054	33443	32312	29250	26371
20221201	1	12	2022	5	695	14.4	25002	23509	22466	21966	21996	22744	25427	29341	31274	31808	31989	31544	31440	31465	31065	30725	30700	31617	33114	33738	33900	32283	29484	26529
20221202	2	12	2022	6	697	13.63	24932	23461	22507	22114	22035	22770	25659	29863	31897	32504	32636	32212	31954	31807	31295	30716	30713	31185	32614	32842	33065	32013	29301	26841
20221203	3	12	2022	7	627	13.17	25364	23831	22695	21977	21467	21494	22196	23578	25031	26989	28193	28261	28046	28313	28145	27250	26818	27422	28924	29390	29711	29252	27271	25189
20221204	4	12	2022	1	585	13.87	23589	21944	20751	20096	19806	19854	20340	21032	21612	23724	25404	25993	26236	26722	26652	25578	25056	25463	27364	28298	29125	28877	27102	24783
20221205	5	12	2022	2	674	14.89	23024	21456	20577	20276	20291	21161	23920	27492	29993	31187	31582	31541	31633	31941	31703	30911	30712	31183	31982	32144	32380	31486	28822	26182
20221206	6	12	2022	3	614	16.21	24493	22837	21789	21185	20992	21070	22049	23298	24104	25813	27189	27779	27859	28456	28232	27021	26313	26427	27562	28887	29534	29163	27268	24952
20221207	7	12	2022	4	662	15.35	23186	21740	20891	20491	20506	21215	23757	27423	29708	30519	30848	30646	30545	30705	30607	30016	29839	30379	31391	31372	31489	30616	28046	25724
20221208	8	12	2022	5	601	15.15	24400	22500	21375	20815	20550	20479	21088	22057	22859	24528	26196	27042	27452	28249	28104	26920	26000	26350	27661	28006	28642	28365	26793	24562
20221209	9	12	2022	6	638	15.89	22865	21306	20377	19875	19859	20483	22657	25596	27621	28798	29434	29618	29664	30085	29976	29044	28762	29094	29964	30343	30525	29617	27192	25083
20221210	10	12	2022	7	592	15.02	23823	22350	21152	20446	20145	20215	20888	22065	23215	25003	26298	26394	26480	26690	26599	25874	25628	26020	27642	28038	28425	28004	26293	24258
20221211	11	12	2022	1	579	14.01	22639	21191	20118	19580	19388	19603	20123	20693	21122	22885	24700	25924	26380	27240	27245	26032	25323	25555	27055	27916	28710	28442	26594	24053
20221212	12	12	2022	2	693	17.98	22242	20984	20231	19923	19949	20980	24165	28676	31012	31998	32625	32814	32934	33100	32893	32763	32611	33077	33704	33890	33968	32810	29429	26550
20221213	13	12	2022	3	700	18.79	24996	23341	22361	21966	21948	22590	25348	29221	31286	31881	32196	32478	32817	32970	32538	31809	31527	31816	32694	33100	33499	32195	29252	26527
20221214	14	12	2022	4	687	18.05	25061	23530	22585	22048	21848	22541	25118	28949	30954	31253	31324	31160	31133	31294	31143	30734	30595	31111	32227	32797	32977	31623	28825	25969
20221215	15	12	2022	5	671	15.63	24561	23011	21964	21659	21674	22318	24961	28709	30742	31131	31098	30866	30901	30758	30383	29985	22440	30635	31795	32141	32525	31638	28866	26067
20221216	16	12	2022	6	680	14.72	24690	23223	22238	21742	21699	22412	25113	29159	31342	31631	31555	31447	31298	31217	30665	29861	29821	30385	31681	31917	31918	30903	28344	26127
20221217	17	12	2022	7	599	15.3	24653	22979	21739	21134	20729	20613	21223	22602	23927	25763	26903	26818	26764	26939	26567	25617	25233	25867	27547	27977	28435	28143	26284	24303
20221218	18	12	2022	1	567	15.88	22836	21360	20241	19557	19305	19351	19883	20637	21218	22882	24382	24729	24572	25146	25302	24562	24253	24565	26478	27391	28684	28404	26716	24419
20221219	19	12	2022	2	678	16.3	22601	21067	20252	19945	20051	20907	24352	28731	31253	31667	31648	30767	31336	31283	30785	30281	30368	31341	32969	33392	33883	32689	29569	26434
20221220	20	12	2022	3	692	17.14	24807	23276	22197	21741	21640	22463	25272	29335	31741	32081	32011	31676	31447	31493	31180	30916	30779	31356	32632	32989	33403	32376	29196	26291
20221221	21	12	2022	4	677	18.15	24602	22986	21939	21409	21289	22063	24941	28996	31402	31604	31618	31022	30667	30442	30031	29661	29647	30484	31681	32119	32421	31600	28780	25839
20221222	22	12	2022	5	660	19.29	24296	22678	21555	21093	21147	21769	24224	28051	30339	30751	30712	30137	29803	29809	29288	28631	28671	29412	30945	31020	31418	30806	28173	25581
20221223	23	12	2022	6	626	19.71	24140	22448	21430	20871	20735	21298	23500	26365	28576	29105	29212	28617	28353	28143	27593	26852	26863	27458	28994	29084	29006	28175	25883	23708
20221224	24	12	2022	7	528	18.8	22275	20465	19255	18605	18226	18130	18631	19826	21130	22821	23671	23590	23425	23273	22984	22513	22617	23614	25921	26092	25299	23753	21349	20210
20221225	25	12	2022	1	463	19.43	19667	18747	17724	16774	16302	16050	16260	16639	16896	17831	19219	19856	20105	20222	19716	18587	18964	20145	21765	22346	23035	23281	22288	20645
20221226	26	12	2022	2	507	18.97	19119	17751	16830	16417	16333	16736	17864	19182	20118	21304	22353	22474	22383	22680	22690	21850	21751	22493	24289	25021	25659	25600	23943	21887
20221227	27	12	2022	3	576	17.79	20571	19190	18269	17786	17715	18339	20560	23301	25422	26597	26727	25947	25565	25620	25273	24770	25311	26348	27847	28300	28722	28355	25948	23512
20221228	28	12	2022	4	594	17.82	21906	20316	19461	19009	18942	19441	21420	24020	26164	27157	27187	26520	26178	26365	26075	25572	25719	26773	28631	29111	29319	28682	26294	23926
20221229	29	12	2022	5	604	17.21	22361	20641	19550	18991	18912	19387	21285	23937	25834	27203	27737	27419	27215	27507	27392	26556	26646	27446	28893	29213	29642	29026	26772	24217
20221230	30	12	2022	6	589	19.07	22657	20919	19795	19131	18934	19385	21189	23709	25593	26873	27271	26871	26609	26631	26336	25397	25262	25977	27868	28158	28229	27548	25541	23351
20221231	31	12	2022	7	528	19.05	21919	20140	18865	18123	17849	17888	18542	19702	20981	22533	23539	23353	22900	22867	22775	22280	22458	23423	26159	26854	26419	24995	22364	20876
20230101	1	1	2023	1	473	18.84	20083	19316	18169	17132	16608	16260	16307	16591	16586	16979	18237	19330	19828	20442	20612	19773	19565	20339	22647	23669	24487	24651	23470	21498
20230102	2	1	2023	2	585	16.53	19934	18520	17654	17233	17212	17830	20037	22496	24384	25801	26896	27158	27245	27659	27662	26931	26807	26901	28123	28672	29427	28970	26834	24369
20230103	3	1	2023	3	639	15.98	22866	21242	20216	19752	19644	20294	22865	25950	27995	29633	29713	29362	28984	28900	28427	27709	27814	28612	30330	31142	31652	31117	28566	25867
20230104	4	1	2023	4	649	16.18	23895	22174	21125	20606	20547	21110	23516	26551	28828	30099	30201	29565	29249	29230	28835	27925	28012	28731	30427	31001	31646	31188	28661	26115
20230105	5	1	2023	5	635	15.72	24402	22667	21501	20952	20826	21394	23577	26637	28875	30064	30117	29449	28852	28640	28012	27315	27263	27567	28674	28665	28836	28628	26877	24932
20230106	6	1	2023	6	542	14.75	23216	21591	20245	19496	19016	19026	19464	20459	20904	22102	23134	23340	23149	23240	22884	21871	21762	22811	25006	26115	26757	26991	25834	24010
20230107	7	1	2023	7	591	15.7	22618	21080	20007	19396	19143	19345	20313	21707	22989	24629	25977	26278	26316	26967	27161	26259	25942	26561	28286	29105	29601	29290	27156	24979
20230108	8	1	2023	1	581	17.6	23354	21610	20409	19589	19190	19275	19665	20380	21000	22719	24773	25899	26512	27441	27343	26004	25296	25578	27523	28564	29279	28821	26803	24212
20230109	9	1	2023	2	665	16.64	22358	20913	20008	19630	19634	20534	23805	28296	30904	31106	31055	30538	30298	30299	29907	29481	29432	30077	31692	32858	33463	32543	29432	26440
20230110	10	1	2023	3	692	16.9	24672	22973	22074	21734	21741	22433	25375	29777	32198	32562	32244	31608	31123	30829	30169	29684	29895	30505	32286	33587	34230	33248	30098	26933
20230111	11	1	2023	4	701	16.39	25058	23554	22517	22056	21953	22668	25543	29945	32177	32539	32572	32165	32135	32026	31651	31043	30711	31044	32430	33515	34088	33115	29880	26876
20230112	12	1	2023	5	703	15.6	25354	23831	22813	22260	22387	22986	25848	30199	32581	32550	32415	31754	31220	30956	30333	30048	30283	31333	33239	34051	34711	33650	30457	27338
20230113	13	1	2023	6	700	15.87	25691	24094	23029	22562	22522	23213	26022	30357	32580	32876	32913	32311	31608	31222	30421	29756	29638	30303	32181	33152	33415	32655	30147	27524
20230114	14	1	2023	7	628	16.9	26203	24623	23349	22618	22110	22045	22650	24044	25646	27589	28229	27918	27499	27395	27028	25967	25821	26467	28458	29652	30065	29752	27744	25564
20230115	15	1	2023	1	583	15.51	23742	21948	20745	20124	19817	19718	20119	20784	21587	23324	24971	25433	25428	25847	26079	24998	24606	25014	27319	29018	30084	29544	27816	25222
20230116	16	1	2023	2	719	15.09	23380	21988	21182	20873	20943	21901	25482	30337	33093	33765	34249	33887	33719	33844	33444	32992	32784	33078	34294	35301	35731	34387	30981	27678
20230117	17	1	2023	3	724	15.44	25811	24323	23335	22842	22773	23465	26279	30502	32603	33310	33244	32824	32804	32675	32074	31449	31730	32453	33971	35420	35983	34771	31329	27995
20230118	18	1	2023	4	742	11.26	26306	24691	23511	23170	23159	23917	26953	31575	34058	34505	34311	33575	33565	33613	33062	32308	32386	32788	34849	36297	36851	35480	32103	28816
20230119	19	1	2023	5	748	12.79	26967	25223	24050	23680	23661	24338	27188	31656	34230	34604	34247	33382	33050	33079	32876	32690	32956	33768	35220	36456	37003	35705	32457	29015
20230120	20	1	2023	6	720	14.96	26940	25259	24142	23651	23544	24181	26922	31315	33396	33646	33183	32581	32213	32015	31427	30988	30910	31422	32868	33856	34109	32954	30289	27785
20230121	21	1	2023	7	641	13.34	26443	24673	23302	22586	22164	22144	22673	24139	25763	27695	28766	28522	28028	28094	27887	27037	26675	27103	28775	30520	31137	30882	28842	26717
20230122	22	1	2023	1	608	11.2	24794	22953	21776	21020	20661	20638	21054	21982	22821	24485	25688	25900	25663	26081	26212	25475	25306	26054	28609	30799	31908	31776	29834	27007
20230123	23	1	2023	2	742	10.35	24843	23155	22196	21743	21766	22686	26384	31397	34379	34929	34590	33919	33485	33467	33107	32690	32798	33606	35591	37479	38225	36759	33011	29392
20230124	24	1	2023	3	780	9.42	27362	25429	24304	23722	23714	24495	27562	32516	35495	36176	36277	35982	35775	35831	35364	34742	34685	35283	37010	38599	38832	37483	33804	29612
20230125	25	1	2023	4	768	11.82	27518	25513	24494	24013	23932	24620	27732	32686	35423	36077	35860	34926	34347	34130	33717	33294	33390	33980	35733	37712	38543	37114	33579	29945
20230126	26	1	2023	5	774	11.41	27651	25720	24593	24117	24021	24656	27865	32804	35485	35934	35573	34985	34612	34568	34307	33789	34051	34790	36215	37892	38632	37302	33902	30239
20230127	27	1	2023	6	759	11.35	28012	25951	24678	24222	24145	24762	27978	32872	35431	35574	34984	34118	33445	33183	33008	32700	32834	33398	34869	36701	36994	35958	32997	30060
20230128	28	1	2023	7	675	10.76	27952	25747	24229	23391	22955	22877	23557	25254	26968	29247	30449	30032	29352	29392	29192	28541	28318	28659	30569	32551	33294	32947	30760	28396
20230129	29	1	2023	1	635	10.34	25991	23893	22469	21584	21265	21299	21776	22669	23411	25458	26976	27258	27212	27713	27778	27011	26606	27298	29488	32043	33308	33156	30948	27981
20230130	30	1	2023	2	739	12.1	25368	23594	22669	22294	22381	23281	26917	32101	34973	26733	35376	34391	33881	33568	33034	32409	32526	33464	35245	37010	38053	37017	33418	29730
20230131	31	1	2023	3	745	13.68	27523	25540	24425	23891	23902	24624	27810	32649	35425	26543	34113	32829	33072	33050	32427	31946	32101	32733	34567	36982	38204	37100	33633	29760
20230201	1	2	2023	4	755	14.1	27688	25747	24556	24043	23957	24705	27872	32820	35525	35682	34873	33513	32971	32551	32238	31763	31970	32716	34532	36875	37875	36711	33499	29867
20230202	2	2	2023	5	748	14.57	27712	25687	24480	23931	23964	24616	27833	32644	35283	35532	34651	33315	32670	32296	32008	31430	31458	32057	33806	36140	37191	36324	33176	29595
20230203	3	2	2023	6	730	16.11	27396	25372	24286	23755	23757	24453	27560	32524	34845	35069	34356	33131	32385	31773	31154	30497	30393	30926	32368	34431	35089	34253	31653	28941
20230204	4	2	2023	7	636	17.1	27051	25065	23662	22838	22374	22221	22991	24551	26056	27915	28621	28076	27390	27148	26588	25843	25451	25953	27947	30218	31286	31058	29064	26672
20230205	5	2	2023	1	589	16.3	24539	22728	21416	20720	20318	20307	20821	21793	22348	23941	24948	24955	24651	24878	24850	24055	23768	24390	26767	29718	31047	30874	28716	26070
20230206	6	2	2023	2	729	13.15	24150	22519	21798	21356	21487	22374	26023	31020	33570	34023	33852	33366	33346	33511	32905	32436	32507	33036	34474	36633	37298	35990	32437	28800
20230207	7	2	2023	3	767	11.8	26815	25069	24021	23596	23546	24165	27265	32139	34714	35654	35876	35646	35479	35701	35226	34564	34345	34408	35401	37214	37680	36314	32742	29122
20230208	8	2	2023	4	761	13.47	26967	25028	23929	23610	23531	24293	27446	32092	34502	35277	35223	34879	34711	34930	34697	34273	34084	34126	34909	36900	37636	36304	32777	29170
20230209	9	2	2023	5	750	12.81	27280	25516	24334	23854	23762	24495	27559	32348	34411	34953	34666	34041	33816	33612	32925	32476	32430	32784	33709	36187	37081	35880	32590	29167
20230210	10	2	2023	6	747	13.02	27313	25630	24534	24054	23997	24853	27977	32608	34959	35171	35018	34459	33733	33376	32693	31869	32039	32370	33433	35459	35953	34949	31933	29066
20230211	11	2	2023	7	655	14.11	27179	25213	23821	22931	22613	22603	23337	24824	26397	28643	29834	29806	29124	28922	28415	27565	27160	27298	28661	30933	31938	31640	29458	27169
20230212	12	2	2023	1	611	14.81	25210	23313	22000	21366	21006	20947	21511	22244	22877	24781	26220	26610	26339	26579	26612	25656	25238	25535	27284	30231	31732	31525	29491	26920
20230213	13	2	2023	2	721	15.88	24509	22796	22004	21680	21705	22791	26468	31514	34025	34488	34236	33617	33002	32543	31869	31414	31199	31673	32694	35342	36216	35199	31855	28431
20230214	14	2	2023	3	734	16.01	26314	24702	23734	23253	23245	23969	26950	31708	33691	34347	34264	33716	33335	32969	32317	32011	31822	32050	32848	35266	36272	35056	31832	28445
20230215	15	2	2023	4	723	16.33	26344	24591	23605	23072	23134	23865	26963	31485	33537	33944	33652	32859	32151	31916	31363	30924	30982	31381	32378	34741	35767	34723	31583	28173
20230216	16	2	2023	5	715	16.59	26417	24624	23625	23360	23407	24035	27143	31575	33440	33166	32838	32032	31511	31103	30710	30258	30416	30607	31568	34263	35190	34272	31400	28250
20230217	17	2	2023	6	703	17.93	26256	24566	23473	23167	23080	23786	26852	31217	33036	33470	32813	32023	31374	31031	30376	29509	29454	29910	30916	33088	33625	32584	29971	27458
20230218	18	2	2023	7	618	17.93	25923	24104	22868	22138	21778	21716	22463	23677	25011	26963	28116	27828	27444	27376	26936	25912	25438	25460	26454	28559	29456	29307	27420	25351
20230219	19	2	2023	1	567	18.6	23643	22053	20864	20180	19880	19934	20466	21081	21563	23231	24469	24532	24418	24425	24348	23328	23151	23368	24636	27514	28915	28847	27249	24876
20230220	20	2	2023	2	665	19.63	23088	21699	20898	20559	20629	21510	24801	29024	30667	31365	31180	30567	30050	29847	29374	28851	28702	28945	29739	32024	33131	32323	29387	26399
20230221	21	2	2023	3	680	18.46	24902	23382	22332	22171	22193	22641	25383	29374	31001	31606	31736	31127	30489	30163	29613	29130	28839	29166	29944	32546	33675	32465	29471	26578
20230222	22	2	2023	4	681	17.69	25052	23550	22552	22220	22203	22895	25808	29822	31305	31593	30973	30258	29708	29727	29291	29148	29085	29427	30290	32634	33732	32840	29823	26849
20230223	23	2	2023	5	699	13.96	25234	23654	22851	22443	22484	22998	25827	29713	31355	32005	32061	31794	31798	31977	31493	30659	30347	30512	31064	33498	34312	33302	30403	27518
20230224	24	2	2023	6	697	13.4	26009	24343	23251	22849	22934	23617	26471	30552	32459	32953	32598	31733	31245	30900	30141	29532	29547	29612	30393	32818	33435	32484	29821	27074
20230225	25	2	2023	7	630	13.47	26143	24444	23149	22413	22051	22086	22650	23751	24940	27077	28133	27978	27723	27881	27760	26900	26365	26404	27244	29364	30345	30367	28476	26315
20230226	26	2	2023	1	590	13.52	24254	22460	21210	20627	20292	20379	20912	21409	21999	23976	25465	26011	25850	26156	25873	24725	24102	24460	25718	28620	30251	30470	28654	26209
20230227	27	2	2023	2	719	9.77	24097	22550	21653	21238	21424	22299	25795	30145	32480	33714	33626	33211	32836	32866	32568	32445	32315	32542	32912	35480	36499	35345	32158	28830
20230228	28	2	2023	3	726	12.24	26967	25157	23958	23592	23512	24117	26924	30693	32588	33328	33370	32966	32550	32238	31527	30972	30718	31165	31876	34783	36252	35390	32334	28933
20230301	1	3	2023	4	745	11.71	27002	25294	24258	23864	23844	24604	27733	32203	34256	34403	34130	33284	32876	32896	32510	32130	32249	32592	33087	35788	37287	36177	33085	29495
20230302	2	3	2023	5	745	12.75	27307	25411	24324	23839	23678	24442	27730	32247	34455	34419	34067	33505	33143	32841	32458	31981	32006	32253	32861	35809	37362	36237	33097	29760
20230303	3	3	2023	6	727	14.19	27385	25707	24485	23907	23927	24579	27711	32161	34120	33827	33218	32611	32246	31982	31505	30856	30662	31163	31360	33829	35058	34185	31647	28789
20230304	4	3	2023	7	634	14.98	26871	24973	23492	22770	22362	22332	22984	24231	25496	27308	28758	28026	27329	27280	26972	26180	25900	26286	27014	29555	31032	30817	28935	26719
20230305	5	3	2023	1	604	15.48	24892	23021	21768	21026	20719	20803	21253	21698	22301	24105	25551	25962	25834	26517	26789	26020	25685	25896	26941	29489	31136	31008	28986	26146
20230306	6	3	2023	2	697	16.15	24002	22442	21506	21220	21130	22225	25712	29876	32178	32548	32262	31749	31481	31490	31306	31107	30763	31095	31390	33665	35149	34068	30948	27686
20230307	7	3	2023	3	694	19.03	25625	24051	23012	22599	22450	23199	26123	30148	31935	31920	31717	31097	30923	30607	30303	29698	29669	29891	30245	32752	34492	33525	30507	27359
20230308	8	3	2023	4	683	22.24	25701	24111	23194	22677	22665	23286	26084	29710	31205	31252	31003	30629	30325	30182	30014	29333	28969	29233	29690	31882	33278	32309	29584	26730
20230309	9	3	2023	5	676	21.18	25038	23572	22693	22311	22284	22848	25470	28894	30353	30690	30807	30829	30915	30844	30050	28913	28696	28901	29267	31475	32912	31961	29225	26564
20230310	10	3	2023	6	648	22.69	25187	23665	22805	22330	22244	22782	25517	28800	30052	29695	29080	28607	28357	28153	27719	27229	27082	27283	27550	29783	30834	30107	27697	25406
20230311	11	3	2023	7	569	24.12	24261	22754	21717	20990	20562	20469	21173	21909	23091	24577	25520	25402	25104	25019	24797	23575	23187	23214	23729	25842	27332	26895	24989	23138
20230312	12	3	2023	1	523	24.55	21771	20515	19630	18991	18886	18874	19326	19447	20105	21397	22190	22348	22248	22499	22242	21371	21071	21266	22357	24863	26769	26576	25049	23042
20230313	13	3	2023	2	622	24.85	21789	20668	19993	19681	19880	20654	23736	26942	28247	28158	27950	27294	27393	27491	27432	26934	26990	27380	27748	29916	31807	30749	28004	25217
20230314	14	3	2023	3	633	20.63	23783	22435	21692	21488	21419	21991	24591	27451	28838	28535	28025	27768	27853	27782	27576	26971	26840	27160	27340	29185	31333	30331	27702	25092
20230315	15	3	2023	4	636	21.74	23843	22604	21798	21577	21627	22262	24891	27811	28937	28556	27975	27752	27816	27852	27468	26942	26913	27296	27394	29488	31416	30335	27766	25213
20230316	16	3	2023	5	635	23.18	23830	22429	21634	21323	21366	22018	24712	27663	28879	28352	28166	27735	27790	27768	27655	27181	27047	27354	27632	29610	31287	30470	27723	25387
20230317	17	3	2023	6	633	20.43	24185	22946	22163	21715	21706	22320	24830	27495	28806	28821	28618	28203	27957	27828	27358	26741	26477	26829	27061	28750	30306	29393	27164	24945
20230318	18	3	2023	7	569	19.83	24024	22595	21696	21130	20774	20731	21319	21895	23049	24544	25218	25066	24944	25143	24476	23540	23044	23238	23813	25742	27465	27108	25400	23466
20230319	19	3	2023	1	519	19.42	21850	20532	19554	18959	18793	18843	19284	19299	19986	21349	22075	22344	22151	22157	21933	21063	20766	20953	22031	24035	26350	26172	24819	23205
20230320	20	3	2023	2	604	21.45	21793	20514	19768	19469	19640	20362	23387	26053	27336	27119	26847	26693	26520	26541	26439	25904	25691	26097	26419	28604	30638	29795	27343	24596
20230321	21	3	2023	3	629	21.47	23423	22119	21318	21130	21152	21836	24711	27691	29062	28541	27920	27449	27284	27281	27100	26616	26591	26871	26954	29075	31426	30511	27659	25006
20230322	22	3	2023	4	623	22.45	23575	22359	21475	21188	21245	21866	24648	27356	28483	27984	27467	27023	26929	26911	26659	26232	26393	26784	26969	28889	31089	30085	27221	24477
20230323	23	3	2023	5	623	23.95	23229	22090	21362	21129	21273	22044	24488	27000	27996	27636	27053	26828	27020	27184	26755	26212	26477	26862	27384	29468	31151	30206	27473	24978
20230324	24	3	2023	6	627	23.21	23824	22858	21985	21572	21588	22071	24514	27072	28238	28137	27993	27971	27871	27767	27442	26742	26314	26648	26898	28421	30093	29321	26896	24736
20230325	25	3	2023	7	555	22.87	23792	22570	21687	21061	20801	20740	21257	21557	22595	23823	24086	23748	23611	23658	23209	22455	22211	22335	23478	25264	27021	26643	24719	22873
20230326	26	3	2023	1	513	23.67	21663	20462	20048	19657	19185	19060	19242	19702	19634	20526	21514	21916	21766	21703	21802	20573	19871	20010	20916	22354	24932	26789	25698	23707
20230327	27	3	2023	2	605	21.18	22071	20772	20152	19800	19899	20689	23514	27097	28327	28239	27815	27251	26823	26733	26310	25514	25039	25215	25778	26616	28777	29864	27525	25000
20230328	28	3	2023	3	619	23.84	23687	22378	21560	21169	21106	21732	24245	27533	28860	28564	27681	27237	27428	27164	26680	26082	25533	25671	25853	26834	28959	29995	27569	25050
20230329	29	3	2023	4	612	25.66	23564	22289	21544	21183	21062	21805	24326	27656	28559	28214	27678	27127	26906	26673	26172	25497	24777	25052	25314	26723	28730	29685	27222	24625
20230330	30	3	2023	5	605	26.57	23358	22200	21568	21089	21029	21651	24129	27328	28179	27678	26596	26273	26169	25876	25565	24802	24875	24982	25470	26643	28616	29380	27067	24564
20230331	31	3	2023	6	601	25.31	23445	22270	21376	21097	20986	21575	23955	26838	27875	27691	27226	26649	26522	26497	25977	25205	24650	24733	25071	25871	27615	28236	26067	24024
20230401	1	4	2023	7	536	22.09	22878	21702	20756	20039	19710	19690	20178	21200	21970	23602	24281	23939	23345	23260	22602	21512	20733	21097	21842	23020	24720	26142	24594	22737
20230402	2	4	2023	1	491	20.49	21289	19881	18858	18387	18104	18178	18543	19213	19486	20589	21121	20950	20739	20821	20612	19568	19033	19101	19787	21049	23468	25533	24433	22587
20230403	3	4	2023	2	575	20.34	21164	20018	19418	18969	19009	19783	22342	25021	26213	26628	26141	25737	25493	25398	24997	24070	23739	24017	24665	25699	27649	28715	26452	24027
20230404	4	4	2023	3	590	19.92	22706	21545	20655	20346	20336	20875	23111	25662	26814	27236	26863	26214	25800	25543	24890	24119	24164	24395	24933	25887	27816	28982	26732	24348
20230405	5	4	2023	4	580	20.93	23065	21678	20662	20223	20134	20718	22833	25438	26573	27032	26714	26156	25719	25447	24702	23926	23607	23826	24103	24914	26525	27427	25280	23208
20230406	6	4	2023	5	510	21.78	21774	20385	19420	18825	18573	18732	19706	20870	21314	22180	22515	22370	22241	22128	21766	20798	20262	20414	20943	21836	23379	24781	23159	21378
20230407	7	4	2023	6	463	23.35	20277	19080	18122	17584	17314	17419	17992	18536	18555	19497	20168	19909	19523	19518	19311	18288	17825	18093	18783	19787	21351	23065	22287	20723
20230408	8	4	2023	7	477	25.06	19771	18548	17684	17125	16933	17090	17827	18520	19169	20512	21232	21093	20832	20762	20505	19601	19100	19352	19999	20891	22567	24204	22835	21108
20230409	9	4	2023	1	457	25.36	19537	18280	17342	16832	16586	16812	17130	17464	17764	18920	19805	19843	19559	19542	19334	18440	17891	18188	18958	20036	21922	23773	22637	20785
20230410	10	4	2023	2	507	26.12	19247	18147	17479	17095	17049	17517	18895	20788	21650	22576	22833	22418	22214	22360	22036	20999	20739	21129	21748	22805	24646	26283	24391	22278
20230411	11	4	2023	3	573	24.62	20978	19714	18852	18661	18791	19330	21892	24906	26083	26461	26204	25835	25798	25732	25100	24477	24251	24446	24730	25473	27260	28596	25994	23445
20230412	12	4	2023	4	597	24.07	22121	21099	20190	19861	19819	20365	22709	25660	26805	27015	26786	26654	26740	27045	26433	25763	25589	25740	25972	26734	28351	29144	26533	24220
20230413	13	4	2023	5	594	20.53	22932	21733	20791	20532	20403	20907	23069	25950	26990	27103	26680	26115	26060	25885	25443	24936	24585	24868	25077	26042	27881	28977	26612	24143
20230414	14	4	2023	6	598	23.04	22760	21738	20737	20364	20259	20900	23167	25842	27094	27637	27492	26910	26998	26704	26110	25140	24966	25242	25654	26188	27378	28601	26448	24136
20230415	15	4	2023	7	535	23.63	23035	21803	20980	20272	19988	19851	20314	20944	21910	23346	23804	23578	23446	23524	23012	21883	21137	21088	21754	22707	24155	25657	24273	22409
20230416	16	4	2023	1	487	22.63	21083	19972	18903	18286	18004	18028	18318	18404	18876	20012	20850	20738	20629	20790	20665	19527	18934	19084	19934	21349	23252	25256	24156	22315
20230417	17	4	2023	2	574	22.51	20828	19680	18882	18684	18748	19504	22055	24811	26015	26286	25878	25853	25723	25797	25431	24664	24323	24398	24746	25484	27208	28582	26318	23907
20230418	18	4	2023	3	594	21.98	22491	21315	20494	20137	20040	20562	22979	25794	27063	27081	26873	26724	26611	26524	25947	25173	24878	25027	25248	25964	27624	28862	26333	24036
20230419	19	4	2023	4	594	23.68	22623	21411	20651	20332	20260	20807	23322	26094	26951	27031	26512	26291	26382	26162	25687	25152	24940	25085	25273	26044	27534	28861	26504	24025
20230420	20	4	2023	5	596	24.96	22596	21473	20699	20445	20413	21103	23389	26024	27002	26998	26516	26190	26148	26085	25624	25113	24977	25348	25705	26475	27918	28866	26529	24047
20230421	21	4	2023	6	588	24.64	22687	21599	20782	20370	20355	20804	23094	25527	26559	26678	26314	26028	26062	26053	25585	24923	24672	24992	25417	25796	26556	27783	25726	23668
20230422	22	4	2023	7	528	22.68	22598	21636	20417	19963	19614	19631	19985	20468	21575	23318	23939	23673	23314	23353	22826	21841	21073	20966	21471	22348	23485	25076	23723	22061
20230423	23	4	2023	1	484	24.58	20578	19400	18407	17983	17812	17826	18179	18197	18798	20071	20697	20911	20544	20899	20655	19482	18822	19268	20158	21261	22842	24777	23848	22089
20230424	24	4	2023	2	576	25.09	20652	19548	18812	18538	18562	19262	21935	24540	25857	25995	26124	25975	26060	26050	25594	25140	24776	24947	25229	26022	27291	28684	26395	23912
20230425	25	4	2023	3	600	28.01	22609	21603	20846	20520	20407	20775	23204	25836	26870	26855	26658	26556	26599	26664	26205	25693	25641	25959	26191	26750	27906	28939	26710	24312
20230426	26	4	2023	4	606	27.48	23101	22056	21196	20751	20640	21071	23196	25750	26980	27109	27031	26884	27085	26929	26499	26076	25937	26131	26307	26941	27934	29167	26952	24519
20230427	27	4	2023	5	615	29.05	23274	22228	21332	20968	20854	21321	23530	26003	27122	27417	27205	27252	27493	27503	27111	26594	26543	26722	26943	27677	28770	29585	27231	24787
20230428	28	4	2023	6	606	28.86	23617	22296	21447	20977	20938	21317	23183	25407	26480	27170	27329	27168	27224	27288	27005	26376	26156	26180	26381	26694	27146	28016	26006	24014
20230429	29	4	2023	7	537	27.24	22942	21614	20502	19872	19565	19498	19983	20295	21431	22823	23655	24037	24267	24172	23907	22948	22584	22322	22593	23129	23655	25191	23820	22179
20230430	30	4	2023	1	486	25.27	20812	19730	18720	18094	17936	18008	18219	18014	18876	20268	21103	21121	21134	21523	21223	20349	19752	19841	20399	21115	21751	23545	22973	21359
20230501	1	5	2023	2	467	25.36	19928	18708	17881	17377	17136	17118	17520	17604	18124	19055	19740	19723	19698	20137	20081	19043	18518	18847	19583	20841	21945	23896	23281	21500
20230502	2	5	2023	3	569	27.56	20144	19109	18428	18079	18053	18667	21141	23289	24676	25322	25405	25448	25589	26014	25817	25261	25355	25625	25741	26189	27105	28148	26203	23856
20230503	3	5	2023	4	600	28.97	22488	21422	20494	20245	20115	20679	22860	25270	26449	26691	26567	26511	26986	27157	26823	26194	26025	26097	26102	26810	27854	28769	26890	24412
20230504	4	5	2023	5	602	26.59	23067	21908	21102	20853	20916	21376	23299	25506	26519	26448	26355	26186	26759	26831	26413	25939	25923	26204	26415	26875	27564	28687	26727	24292
20230505	5	5	2023	6	601	26.49	22958	21977	20934	20781	20607	21279	23354	25681	26712	26981	26973	26905	27115	27257	26694	26065	25758	25967	26220	26549	26918	27694	26113	23949
20230506	6	5	2023	7	532	26.19	22998	21680	20634	20051	19682	19560	20097	20500	21641	22676	23506	23254	23222	23205	22781	22131	21514	21753	22389	22997	23604	25166	24104	22460
20230507	7	5	2023	1	497	25.83	20925	19654	18800	18283	18061	18007	18353	18249	19071	20483	21384	21579	21749	21998	21496	20478	20265	20516	21045	21972	22972	24747	24304	22536
20230508	8	5	2023	2	589	27.72	21048	19914	19245	18969	18936	19658	22122	24562	25859	26224	26184	26337	26622	26888	26702	26264	26144	26179	26385	27102	27924	28944	26768	24349
20230509	9	5	2023	3	612	27.4	23144	22038	21189	20933	20718	21193	23120	25314	26786	27173	27490	27417	27673	27716	27303	26836	26834	26971	26890	27528	28174	28751	26605	24384
20230510	10	5	2023	4	604	24.4	23153	22001	21178	20796	20751	21052	23151	25392	26492	26772	26895	26799	26945	27036	26522	26105	25821	26107	26334	27198	28261	29033	26485	24041
20230511	11	5	2023	5	597	22.59	22881	21663	20868	20516	20346	20740	22856	25261	26273	26685	26612	26562	26646	26521	26054	25512	25269	25586	26050	26856	28097	28557	26542	24067
20230512	12	5	2023	6	587	21.37	22843	21767	20911	20546	20500	20943	23031	25208	26088	26067	25993	25843	26130	26012	25563	25151	25216	25202	25182	25806	26563	27300	25754	23533
20230513	13	5	2023	7	520	21.46	22567	21309	20316	19791	19530	19375	19781	20213	21245	22393	22969	22783	22739	22938	22615	21446	20864	20806	21326	22036	23129	24449	23478	21806
20230514	14	5	2023	1	481	23.32	20578	19483	18601	18053	17799	17718	18004	17717	18286	19108	19953	20325	20821	21616	21444	20141	19483	19357	20005	20903	22336	23953	23767	21945
20230515	15	5	2023	2	567	24.26	20642	19633	18979	18663	18642	19205	21511	23667	24985	25304	25441	25287	25297	25528	25462	24813	24784	24816	24892	25543	26681	27531	26023	23653
20230516	16	5	2023	3	591	23.52	22351	21297	20508	20132	19962	20568	22704	25078	26273	26427	26253	26243	26308	26162	25976	25381	25017	25294	25609	26307	27523	28668	26864	24252
20230517	17	5	2023	4	586	22.7	22804	21608	20743	20350	20367	20812	22701	24894	26056	26105	25870	25658	25702	25834	25305	24649	24494	24733	24996	25977	27375	28085	26295	24108
20230518	18	5	2023	5	589	21.74	22708	21555	20719	20465	20420	20817	22990	25060	25857	26202	26116	25835	26052	26259	25815	25028	24981	25226	25492	26106	27028	28004	26251	23913
20230519	19	5	2023	6	585	22.29	22592	21427	20654	20328	20258	20650	22761	25023	26262	26463	26332	26148	26031	26316	25948	25144	24811	24726	24984	25438	26038	27047	25689	23521
20230520	20	5	2023	7	521	22.12	22340	21163	20159	19705	19261	19156	19428	19746	20863	22121	22912	22896	22864	23176	22945	21918	21129	21194	21772	22688	23587	24777	23594	21977
20230521	21	5	2023	1	483	21.6	20518	19253	18297	17835	17485	17461	17597	17419	18027	19324	20401	20787	21103	21805	21841	20535	19686	19670	20291	21137	22371	24272	23921	22071
20230522	22	5	2023	2	583	22.33	20595	19386	18744	18428	18453	19164	21541	24193	25952	26505	26678	26715	26830	26981	26693	26102	25709	25663	25795	26399	27613	28352	26353	24058
20230523	23	5	2023	3	597	21.92	22504	21299	20624	20119	20090	20589	22600	24801	26363	26924	26845	26952	27200	27295	26868	26162	25702	25795	25997	26473	27386	28030	26281	23909
20230524	24	5	2023	4	593	23.14	22409	21143	20220	20001	19901	20448	22451	24801	26195	26591	26596	26522	26883	27161	26650	25850	25566	25670	25677	26296	27272	28122	26420	23984
20230525	25	5	2023	5	593	23.79	22412	21296	20350	20022	19966	20367	22313	24597	26031	26403	26565	26628	26951	27077	26740	26250	26017	26199	26030	26450	27021	27503	25946	23589
20230526	26	5	2023	6	579	23.5	21989	20938	20060	19755	19616	20051	22034	24539	26115	26657	26639	26625	26639	26575	26020	25107	24635	24876	24862	25060	25614	26315	25080	23055
20230527	27	5	2023	7	509	24.54	21835	20546	19613	19041	18740	18604	18683	19128	20260	21906	22809	23069	22903	23185	22658	21561	20890	20806	20943	21457	22206	23582	23007	21346
20230528	28	5	2023	1	469	23.84	19955	18663	17767	17260	16979	16992	16982	16957	17839	19107	20112	20338	20571	20821	20640	19642	19022	19195	19661	20582	21784	23133	23176	21379
20230529	29	5	2023	2	564	24.9	19844	18639	17975	17600	17754	18516	20759	23180	25106	25630	25632	25688	25932	26086	25822	25240	24994	24895	25255	25984	26876	27410	25882	23351
20230530	30	5	2023	3	588	24.56	21975	20724	19949	19571	19460	20095	22039	24405	26067	26434	26620	26473	26675	26858	26509	25799	25564	25800	25994	26454	27111	27544	26163	23804
20230531	31	5	2023	4	591	25.95	22404	21080	20217	19901	19747	20259	22141	24260	25717	26238	26572	26851	26983	27211	26787	26182	25919	25643	25890	26342	27133	27688	26337	23918
20230601	1	6	2023	5	607	25.31	22533	21195	20547	20114	19974	20404	22226	24721	26546	27158	27531	27643	27752	27929	27781	27172	26742	26527	26750	27247	28059	28384	27033	24746
20230602	2	6	2023	6	604	25.34	23042	21946	21030	20782	20742	21248	23021	25173	26767	27178	27225	27207	27439	27537	27065	26460	25994	26059	26363	26738	27180	27502	26410	24318
20230603	3	6	2023	7	529	25.88	22825	21520	20662	20128	19784	19674	19750	20181	21219	22431	23070	23178	23304	23662	23408	22273	21706	21824	22031	22585	23497	24338	23899	22125
20230604	4	6	2023	1	490	26.66	20721	19616	18746	18297	18045	17983	17939	17897	18625	19810	20621	20883	20992	21506	21564	20772	20110	20272	20875	21553	22672	24008	24239	22526
20230605	5	6	2023	2	590	27.56	20984	19729	19078	18780	18809	19506	21673	23969	25630	26015	26240	26450	26721	27133	27013	26573	26378	26564	26878	27446	28278	28459	26894	24690
20230606	6	6	2023	3	615	29.54	23192	21903	21137	20806	20806	21263	23101	25189	26941	27260	27186	27389	27493	27685	27276	26744	26714	27087	27530	27945	28774	29111	27592	25083
20230607	7	6	2023	4	634	25.86	23727	22447	21682	21272	21252	21786	23678	26029	27759	28546	28829	29214	29656	29793	29016	28293	27891	27634	27478	27969	28726	28871	27429	24898
20230608	8	6	2023	5	628	26.65	23380	22271	21430	21004	20984	21473	23200	25657	27395	28056	28424	28587	28985	29097	28588	27886	27469	27593	27572	28002	28804	29130	27729	25445
20230609	9	6	2023	6	615	27.75	23520	22395	21487	21110	20964	21396	23049	25351	26985	27777	27988	28229	28426	28116	27705	26995	26523	26578	26815	27140	27524	27790	26874	24730
20230610	10	6	2023	7	544	28	23355	21974	21012	20358	20086	19843	19835	20296	21550	22873	24010	23995	24263	24567	24214	23138	22586	22690	23016	23731	24144	24814	24591	22973
20230611	11	6	2023	1	509	28.29	21453	20249	19298	18817	18466	18439	18327	18335	19135	20369	21322	21796	22324	22742	22681	21740	21302	21502	22181	22881	23547	24431	24548	22964
20230612	12	6	2023	2	612	27.96	21399	20324	19607	19306	19337	19950	22340	24778	26642	27452	27859	28024	28503	28571	28460	27914	27795	27947	27592	27924	28586	28803	27403	25062
20230613	13	6	2023	3	628	27.07	23578	22414	21693	21368	21154	21582	23503	25586	27328	28203	28342	28586	29174	29442	28947	28213	27602	27515	27274	27831	28322	28265	27121	24881
20230614	14	6	2023	4	633	29.21	23407	22143	21425	20995	20820	21384	23266	25661	27448	28145	28271	28424	28953	29256	29006	28046	27975	28242	28333	28670	29269	29441	28405	26007
20230615	15	6	2023	5	644	30.55	24322	22997	22113	21564	21445	21801	23699	25876	27535	28205	28597	28657	29083	29470	29200	28705	28641	29015	29178	29583	29963	29767	28621	26321
