Number	Country	FertilityRate	IQ	Pop_1950	Pop_2000	Pop_2050
1	Afghanistan	6.69	84	8150368	23898198	81933479
2	Albania	2.03	90	1227156	3473835	4016945
3	Algeria	1.89	83	8892718	30409300	43983870
4	Andorra	1.3	98	6176	66824	69129
5	Angola	6.35	68	4117617	10377267	24746652
6	Antigua&Barbuda	2.24	70	45816	66464	69259
7	Argentina	2.16	93	17150336	37497728	48740060
8	Armenia	1.33	94	1355269	3042556	2943441
9	Australia	1.76	98	8267337	19164620	24175783
10	Austria	1.36	100	6935100	8113413	7520950
11	Azerbaijan	2.46	87	2885332	7809052	9955428
12	Bahamas	2.18	84	70498	290075	324052
13	Bahrain	2.6	83	114840	634137	973412
14	Bangladesh	3.11	82	45645964	130406594	279955405
15	Barbados	1.65	80	210666	273483	274523
16	Belarus	1.43	97	7722155	1033697	7738613
17	Belgium	1.64	99	8639369	10263618	9882599
18	Belize	3.6	84	65797	247887	541734
19	Benin	5.2	70	1672661	6627964	16356458
20	Bermuda	1.89	90	38869	62971	66025
21	Bhutan	4.74	80	734000	2005222	4653000
22	Bolivia	2.85	87	2766028	815260	13772819
23	Bosnia&Herzegovina	1.22	90	2662000	4035457	3891669
24	Botswana	2.79	70	430413	1607069	1411662
25	Brazil	1.91	87	53443075	175552771	228426737
26	Brunei	2.28	91	44983	336376	600998
27	Bulgaria	1.38	93	7250500	7818495	4651477
28	BurkinaFaso	6.47	68	4376162	11308552	43656786
29	Burundi	6.55	69	2362522	6621166	22852556
30	Cambodia	3.37	91	4471170	12466262	25089909
31	Cameroon	4.39	64	4887591	15343036	34908839
32	Canada	1.61	99	14011422	31278097	41429579
33	CapeVerde	3.38	76	146403	401343	380614
34	CentralAfricanRep	4.41	64	1259816	3935417	6502151
35	Chile	2	90	6090833	15153450	19244843
35	Chad	6.25	68	2607769	8316481	29547665
37	China	1.73	105	562579779	1268853362	1424161948
38	Colombia	2.54	84	11591658	39685655	64534420
39	Comoros	5.03	77	148057	578400	1835099
40	Congo_Zaire	6.45	65	13568762	52021832	183177415
41	Congo_Brazz	6.07	64	826308	3102404	9618358
42	CookIslands	3.1	89	14575	20407	24930
43	CostaRica	2.24	89	866982	3710558	5696700
44	Cote_d_Ivoire	4.5	69	2860288	15563387	32400664
45	Croatia	1.4	90	3837297	4410830	3864201
46	Cuba	1.66	85	5784797	11134273	10477677
47	Cyprus	1.82	91	494000	758363	841102
48	CzechRepublic	1.21	98	8925122	10270128	8540221
49	Denmark	1.74	98	4271000	5337416	5575147
50	Djibouti	5.31	68	60036	430822	993011
51	Dominica	1.94	67	51423	71540	81961
52	DominicanRepublic	2.83	82	2352968	8410393	14657962
53	Ecuador	2.68	88	3369955	12505204	20332088
54	Egypt	2.83	81	21197691	70492342	126920512
55	ElSalvador	3.12	80	1939800	6122515	12039149
56	EquatorialGuinea	4.55	64	211204	473216	1063071
57	Eritrea	5.08	68	1403000	4356581	10164000
58	Estonia	1.4	99	1095610	1379835	861913
59	Ethiopia	5.22	64	20174562	64690052	144716331
60	Fiji	2.73	85	287348	832494	1447573
61	Finland	1.73	99	4008900	5168595	4819615
62	France	1.84	98	41828673	59381628	61017122
63	Gabon	4.74	64	415767	1235484	3221749
64	Gambia	5.3	66	271369	1367884	4068861
65	Georgia	1.42	94	3515602	4777209	3784724
66	Germany	1.39	99	68374572	82187909	73607121
67	Ghana	3.99	71	5297454	19736036	38735638
68	Greece	1.34	92	7566028	10559110	10035935
69	Grenada	2.34	71	75806	89312	87136
70	Guatemala	3.82	79	2968976	11085025	22995434
71	Guinea	5.79	67	2585509	8638858	28713509
72	GuineaBissau	4.86	67	573268	1278273	2895666
73	Guyana	2.04	87	427971	755171	597806
74	Haiti	4.94	67	3097220	7443620	19807275
75	Honduras	3.59	81	1431447	6347658	12641869
76	HongKong	.95	108	2237000	6658720	6172725
77	Hungary	1.32	98	9338000	10137449	8374619
78	Iceland	1.92	101	142938	281043	350922
79	India	2.73	82	369880000	1004124224	1807878574
80	Indonesia	2.4	87	82978392	213829469	313020847
81	Iran	1.8	84	16357000	63273255	81490039
82	Iraq	4.18	87	5163443	22675617	56360779
83	Ireland	1.86	92	2963018	3791690	5396215
84	Israel	2.41	95	1286131	5842454	8516835
85	Italy	1.28	102	47105000	57719337	50389841
86	Jamaica	2.41	71	1384550	2615447	3499068
87	Japan	1.4	105	83805000	126699784	99886568
88	Jordan	2.63	84	561254	4998564	11772789
89	Kazakhstan	1.89	94	6693230	15032140	15099700
90	Kenya	4.91	72	6121184	30507979	65175864
91	Kiribati	4.16	85	33448	91985	235342
92	Kuwait	2.91	86	144774	1973572	6374800
93	Kyrgyzstan	2.69	90	1738961	4851054	8237623
94	Laos	4.68	89	1885984	5497733	13176153
95	Latvia	1.27	98	1936498	2376178	1544073
96	Lebanon	1.9	82	1364030	3578036	4940731
97	Lesotho	3.28	67	726182	2037961	1448643
98	Liberia	6.02	67	823885	2693780	7072402
99	Libya	3.28	83	961305	5115450	10817176
100	Lithuania	1.2	91	2553159	3654387	2787516
101	Luxembourg	1.78	100	295587	438777	720603
102	Macedonia	1.57	91	1224627	2014512	1990728
103	Madagascar	5.62	82	4620437	15741942	56513827
104	Malawi	5.92	69	2816600	11559538	29820957
105	Malaysia	3.04	92	6433799	21793293	43122397
106	Maldives	4.9	81	79293	301475	815031
107	Mali	7.42	69	3687654	10048561	40002414
108	Malta	1.5	97	311973	389947	395639
109	MarshallIslands	3.85	84	10904	53064	102761
110	Mauritania	5.86	76	1005595	2667859	8635801
111	Mauritius	1.95	89	481270	1179368	1451156
112	Mexico	2.42	88	28485180	99926620	147907650
113	Micronesia	3.16	84	30715	107754	74296
114	Moldova	1.85	96	2336432	4382462	3620416
115	Mongolia	2.25	101	778555	2600835	4086025
116	Morocco	2.68	84	9343384	30122350	50871553
117	Mozambique	4.62	64	6250443	18124564	41842274
118	Myanmar_Burma	1.98	87	19488000	44301206	54430000
119	Namibia	3.06	70	463729	1905659	1795852
120	Nepal	4.1	78	8989915	24702119	53293874
121	Netherlands	1.66	100	10113527	15907853	17334090
122	NewCaledonia	2.28	85	55069	201816	290682
123	NewZealand	1.79	99	1908310	3819762	4842397
124	Nicaragua	2.75	81	1097916	4932420	9437504
125	Niger	7.46	69	3271073	10516111	34419502
126	Nigeria	5.49	69	31796939	114306700	356523597
127	NorthKorea	2.1	106	9471140	21647682	26363688
128	NorthernMarianaIsl	1.24	81	6286	69706	143132
129	Norway	1.78	100	3265126	4492400	4966385
130	Oman	5.77	83	488588	2533389	8237623
131	Pakistan	4	84	39448232	146342958	294995104
132	Panama	2.68	84	892502	2889485	5038122
133	PapuaNewGuinea	3.88	83	1412466	4926984	10670394
134	Paraguay	3.89	84	1475669	5585828	14635743
135	Peru	2.51	85	7632500	25979722	38300067
136	Philippines	3.11	86	21131264	79739825	147630852
137	Poland	1.25	99	24824000	38654164	32084570
138	Portugal	1.47	95	8442750	10335597	9933334
139	PuertoRico	1.75	84	2218000	3815909	3770496
140	Qatar	2.81	78	25101	744483	1239216
141	Romania	1.37	94	16311000	22451921	18678226
142	Russia	1.28	97	101936816	146709971	109187353
143	Rwanda	5.43	70	2439435	8278209	25089909
144	Samoa	2.94	88	81858	179466	170739
145	SaoTome&Principe	5.62	67	59730	159883	502489
146	SaudiArabia	4	84	3859801	23153090	49706851
147	Senegal	4.38	66	2653637	10332013	27519852
148	Serbia	1.78	89	6710261	10117908	9274767
149	Seychelles	1.74	86	32903	79326	89713
150	SierraLeone	6.08	64	2087055	4808817	13998936
151	Singapore	1.06	108	1022100	4036753	4635110
152	Slovakia	1.33	96	3463446	5400320	4943616
153	Slovenia	1.25	96	1467759	2010057	1596947
154	SolomonIslands	3.91	84	106647	466194	1110514
155	Somalia	6.76	68	2437932	7253137	25128735
156	SouthAfrica	2.2	72	13595840	44066197	33002952
157	SouthKorea	1.27	106	20845771	47351083	45224224
158	Spain	1.28	98	28062963	40016081	35564293
159	SriLanka	1.84	79	7533097	19435869	24920558
160	StKitts&Nevis	2.31	67	44341	38819	52348
161	StLucia	2.18	62	79050	156260	235420
162	StVincent	1.83	71	66452	115461	92335
163	Sudan	4.72	71	8051151	35079814	84192309
164	Suriname	2.32	89	208068	432485	617249
165	Swaziland	3.53	68	277384	1109750	720603
166	Sweden	1.66	99	7014005	8923569	9084788
167	Switzerland	1.43	101	4694000	7266920	7296092
168	Syria	3.4	83	3495000	16305659	34437235
169	Taiwan	1.57	105	7981454	22151237	23203650
170	Tajikistan	4	87	1530047	6229697	12132365
171	Tanzania	4.97	72	7934924	33065142	71949135
172	Thailand	1.64	91	20041628	61862928	69268817
173	TimorLeste	3.53	87	435529	846599	1942734
174	Togo	4.96	70	1171897	4711655	14714623
175	Tonga	3	86	45744	102321	188340
176	Trinidad&Tobago	1.74	85	632000	1118204	622011
177	Tunisia	1.74	83	3517210	9563816	12462798
178	Turkey	1.92	90	21121639	65666677	86473786
179	Turkmenistan	3.37	87	1204075	4518268	9626193
180	Uganda	6.71	73	5521758	23955822	128007514
181	Ukraine	1.17	97	36774854	49005222	33573842
182	UnitedArabEmirates	2.88	84	71250	2369153	3696962
183	UnitedKingdom	1.66	100	50127000	59522468	63977435
184	UnitedStates	2.09	98	152271000	282338631	420080587
185	Uruguay	1.89	96	2194275	3323876	3728264
186	Uzbekistan	2.91	87	6250443	24755519	48597111
187	Vanuatu	2.7	84	52000	189618	310486
188	Venezuela	2.23	84	5009006	23542649	37106394
189	Vietnam	1.91	94	25348144	79060410	107772641
190	Yemen	6.58	85	4777089	17479206	71119251
191	Zambia	5.39	71	2553000	10205262	18435053
192	Zimbabwe	3.13	66	2853151	11751323	12221257
